CNES;Latitude_Nova;Longitude_Nova;Qualidade_Busca;Endereco_Google
21830;-24.784639581358018;-48.82023782084055;CENTROIDE_IBGE;Centro Geográfico do Município (Fallback)
25518;-25.911195067472;-49.478979652707686;CENTROIDE_IBGE;Centro Geográfico do Município (Fallback)
31542;-6.641308425047829;-36.25706025929347;CENTROIDE_IBGE;Centro Geográfico do Município (Fallback)
32107;-19.74203901235189;-43.83433236681041;CENTROIDE_IBGE;Centro Geográfico do Município (Fallback)
78719;-10.249156758726098;-67.33919790163078;CENTROIDE_IBGE;Centro Geográfico do Município (Fallback)
82775;-23.647230886121164;-46.650005793577364;CENTROIDE_IBGE;Centro Geográfico do Município (Fallback)
108928;-13.810730361700688;-41.99196944870623;CENTROIDE_IBGE;Centro Geográfico do Município (Fallback)
109088;-15.320578354539697;-44.85054588184691;CENTROIDE_IBGE;Centro Geográfico do Município (Fallback)
118184;-10.755793706421821;-37.828404058868394;CENTROIDE_IBGE;Centro Geográfico do Município (Fallback)
118915;-27.559949445329668;-50.162499366680684;CENTROIDE_IBGE;Centro Geográfico do Município (Fallback)
150959;-4.988567587300125;-58.06224849673357;CENTROIDE_IBGE;Centro Geográfico do Município (Fallback)
154946;-15.426084578531237;-40.65194825249619;CENTROIDE_IBGE;Centro Geográfico do Município (Fallback)
175544;-2.9738521757459324;-43.7767867156018;CENTROIDE_IBGE;Centro Geográfico do Município (Fallback)
179558;-1.3712060329857847;-59.9898099814925;CENTROIDE_IBGE;Centro Geográfico do Município (Fallback)
185787;-12.860104906012225;-42.36012460090876;CENTROIDE_IBGE;Centro Geográfico do Município (Fallback)
189332;-19.377218968440623;-44.69164852358623;CENTROIDE_IBGE;Centro Geográfico do Município (Fallback)
196347;-19.459546116709262;-42.68998093933194;CENTROIDE_IBGE;Centro Geográfico do Município (Fallback)
196916;-11.753424736133129;-41.698677799273;CENTROIDE_IBGE;Centro Geográfico do Município (Fallback)
210552;-13.553217312367874;-39.495846092068724;CENTROIDE_IBGE;Centro Geográfico do Município (Fallback)
216518;-14.053819035924974;-39.724238839250376;CENTROIDE_IBGE;Centro Geográfico do Município (Fallback)
216542;-8.15143361709527;-35.00538505042916;CENTROIDE_IBGE;Centro Geográfico do Município (Fallback)
216712;-11.753424736133129;-41.698677799273;CENTROIDE_IBGE;Centro Geográfico do Município (Fallback)
219002;-9.557425191825818;-40.27499194496835;CENTROIDE_IBGE;Centro Geográfico do Município (Fallback)
219649;-7.648758206264902;-41.649285993720035;CENTROIDE_IBGE;Centro Geográfico do Município (Fallback)
241180;-2.1202384668021135;-53.66094138632162;CENTROIDE_IBGE;Centro Geográfico do Município (Fallback)
247774;-17.532006160583553;-49.53792172137219;CENTROIDE_IBGE;Centro Geográfico do Município (Fallback)
257990;-12.849398236351357;-39.093460812779384;CENTROIDE_IBGE;Centro Geográfico do Município (Fallback)
272507;-22.913747511591037;-51.79732916592307;CENTROIDE_IBGE;Centro Geográfico do Município (Fallback)
278068;0.5393152822123878;-50.638134853539604;CENTROIDE_IBGE;Centro Geográfico do Município (Fallback)
295523;-20.07681200952709;-43.4061968179354;CENTROIDE_IBGE;Centro Geográfico do Município (Fallback)
297933;-7.607105585474046;-40.484690194832126;CENTROIDE_IBGE;Centro Geográfico do Município (Fallback)
298123;-28.483241460459343;-49.03650244193014;CENTROIDE_IBGE;Centro Geográfico do Município (Fallback)
300209;-12.097427937092155;-60.24881583592655;CENTROIDE_IBGE;Centro Geográfico do Município (Fallback)
371165;-21.080277558494632;-51.13005112805703;CENTROIDE_IBGE;Centro Geográfico do Município (Fallback)
382507;-21.38800279860158;-45.967152033262586;CENTROIDE_IBGE;Centro Geográfico do Município (Fallback)
407097;-20.41201987826045;-42.91585031982038;CENTROIDE_IBGE;Centro Geográfico do Município (Fallback)
413615;-10.177771029707145;-43.94222541088882;CENTROIDE_IBGE;Centro Geográfico do Município (Fallback)
421774;-7.18424168235664;-35.257141155216225;CENTROIDE_IBGE;Centro Geográfico do Município (Fallback)
422231;-19.74203901235189;-43.83433236681041;CENTROIDE_IBGE;Centro Geográfico do Município (Fallback)
423327;-22.441341542055785;-44.48409608753645;CENTROIDE_IBGE;Centro Geográfico do Município (Fallback)
429066;-22.914787973332047;-43.048239501201415;CENTROIDE_IBGE;Centro Geográfico do Município (Fallback)
446157;-5.787303885306434;-35.36617894528357;CENTROIDE_IBGE;Centro Geográfico do Município (Fallback)
451185;-21.915547354183367;-52.17728071335932;CENTROIDE_IBGE;Centro Geográfico do Município (Fallback)
451959;-14.418831071164217;-49.0912702807668;CENTROIDE_IBGE;Centro Geográfico do Município (Fallback)
471992;-7.18424168235664;-35.257141155216225;CENTROIDE_IBGE;Centro Geográfico do Município (Fallback)
480754;-10.48641603785673;-40.11494755051539;CENTROIDE_IBGE;Centro Geográfico do Município (Fallback)
484903;-14.053819035924974;-39.724238839250376;CENTROIDE_IBGE;Centro Geográfico do Município (Fallback)
486434;-7.688333084689771;-37.26465438353917;CENTROIDE_IBGE;Centro Geográfico do Município (Fallback)
487392;-20.024037279452553;-44.06784993411982;CENTROIDE_IBGE;Centro Geográfico do Município (Fallback)
501921;-13.553217312367874;-39.495846092068724;CENTROIDE_IBGE;Centro Geográfico do Município (Fallback)
501964;-13.553217312367874;-39.495846092068724;CENTROIDE_IBGE;Centro Geográfico do Município (Fallback)
504726;-21.279728499342802;-46.80607706342699;CENTROIDE_IBGE;Centro Geográfico do Município (Fallback)
507172;-7.777693619503204;-39.053763637383646;CENTROIDE_IBGE;Centro Geográfico do Município (Fallback)
511005;-5.76093197280297;-36.38962332956057;CENTROIDE_IBGE;Centro Geográfico do Município (Fallback)
514721;-9.145172361732099;-35.4070625763262;CENTROIDE_IBGE;Centro Geográfico do Município (Fallback)
552739;-28.321904776443674;-53.895021931565346;CENTROIDE_IBGE;Centro Geográfico do Município (Fallback)
553379;-22.504492334041856;-43.63231391257062;CENTROIDE_IBGE;Centro Geográfico do Município (Fallback)
553395;-22.504492334041856;-43.63231391257062;CENTROIDE_IBGE;Centro Geográfico do Município (Fallback)
561096;-20.914031594049685;-49.26437628211628;CENTROIDE_IBGE;Centro Geográfico do Município (Fallback)
602272;-27.194952938007503;-51.40836850118705;CENTROIDE_IBGE;Centro Geográfico do Município (Fallback)
605875;-22.914787973332047;-43.048239501201415;CENTROIDE_IBGE;Centro Geográfico do Município (Fallback)
624012;-21.915547354183367;-52.17728071335932;CENTROIDE_IBGE;Centro Geográfico do Município (Fallback)
638056;-21.461944510480254;-45.81629619706542;CENTROIDE_IBGE;Centro Geográfico do Município (Fallback)
647020;-29.0979455083388;-51.45552139996552;CENTROIDE_IBGE;Centro Geográfico do Município (Fallback)
649422;-5.8828663986700835;-42.955382131477556;CENTROIDE_IBGE;Centro Geográfico do Município (Fallback)
653713;-22.87847541509291;-47.21041424406231;CENTROIDE_IBGE;Centro Geográfico do Município (Fallback)
659517;-19.217564020143964;-42.14731845401621;CENTROIDE_IBGE;Centro Geográfico do Município (Fallback)
669970;-30.92364390371593;-51.788446984556195;CENTROIDE_IBGE;Centro Geográfico do Município (Fallback)
671711;-22.914787973332047;-43.048239501201415;CENTROIDE_IBGE;Centro Geográfico do Município (Fallback)
692530;-13.145069293899793;-50.24895099623854;CENTROIDE_IBGE;Centro Geográfico do Município (Fallback)
692913;-28.483241460459343;-49.03650244193014;CENTROIDE_IBGE;Centro Geográfico do Município (Fallback)
694509;-6.442283754686756;-38.165286186704854;CENTROIDE_IBGE;Centro Geográfico do Município (Fallback)
695572;-26.969571290073475;-52.531397871789764;CENTROIDE_IBGE;Centro Geográfico do Município (Fallback)
705667;-4.041015849973112;-40.96891092504815;CENTROIDE_IBGE;Centro Geográfico do Município (Fallback)
731137;-26.329864219742284;-53.53450498761483;CENTROIDE_IBGE;Centro Geográfico do Município (Fallback)
732494;-21.99257350004503;-51.34225905983471;CENTROIDE_IBGE;Centro Geográfico do Município (Fallback)
745308;-20.129311810989538;-40.30082009831746;CENTROIDE_IBGE;Centro Geográfico do Município (Fallback)
759465;-11.753424736133129;-41.698677799273;CENTROIDE_IBGE;Centro Geográfico do Município (Fallback)
760757;-13.074907246790248;-39.85324761347264;CENTROIDE_IBGE;Centro Geográfico do Município (Fallback)
767093;-20.400739611521058;-40.51266543978907;CENTROIDE_IBGE;Centro Geográfico do Município (Fallback)
769452;-10.48641603785673;-40.11494755051539;CENTROIDE_IBGE;Centro Geográfico do Município (Fallback)
769703;-20.329778722277243;-43.330596236428875;CENTROIDE_IBGE;Centro Geográfico do Município (Fallback)
807214;-26.058349807877935;-48.866595685957115;CENTROIDE_IBGE;Centro Geográfico do Município (Fallback)
808318;-14.63488861091521;-59.33347016246414;CENTROIDE_IBGE;Centro Geográfico do Município (Fallback)
813672;-6.5930608197200895;-43.18804523300109;CENTROIDE_IBGE;Centro Geográfico do Município (Fallback)
813915;-25.8802579957929;-52.958758811414036;CENTROIDE_IBGE;Centro Geográfico do Município (Fallback)
816191;-0.26258119352803183;-50.72541512764287;CENTROIDE_IBGE;Centro Geográfico do Município (Fallback)
817155;-15.781609830540443;-47.796963417310145;CENTROIDE_IBGE;Centro Geográfico do Município (Fallback)
818704;-7.843905719369575;-73.22181478116576;CENTROIDE_IBGE;Centro Geográfico do Município (Fallback)
822620;-6.390785673711732;-38.51946035851554;CENTROIDE_IBGE;Centro Geográfico do Município (Fallback)
826553;-6.49458819127583;-53.88773813880332;CENTROIDE_IBGE;Centro Geográfico do Município (Fallback)
828580;-10.219921867165873;-48.154051247442894;CENTROIDE_IBGE;Centro Geográfico do Município (Fallback)
843032;-8.376819769233668;-65.8123655918361;CENTROIDE_IBGE;Centro Geográfico do Município (Fallback)
843059;-22.155726811838576;-54.15113483728313;CENTROIDE_IBGE;Centro Geográfico do Município (Fallback)
845442;-18.859412198620227;-45.82340442498968;CENTROIDE_IBGE;Centro Geográfico do Município (Fallback)
846414;-9.171703349163103;-42.536061368443576;CENTROIDE_IBGE;Centro Geográfico do Município (Fallback)
850969;-8.939732670393816;-35.75967046902292;CENTROIDE_IBGE;Centro Geográfico do Município (Fallback)
852767;-28.826652846951948;-49.2540040555719;CENTROIDE_IBGE;Centro Geográfico do Município (Fallback)
860433;-22.482092931821423;-42.14070206765431;CENTROIDE_IBGE;Centro Geográfico do Município (Fallback)
874779;-16.703677830273612;-49.106248867368954;CENTROIDE_IBGE;Centro Geográfico do Município (Fallback)
879665;-5.787303885306434;-35.36617894528357;CENTROIDE_IBGE;Centro Geográfico do Município (Fallback)
911887;-3.8772259215463247;-38.45891319681229;CENTROIDE_IBGE;Centro Geográfico do Município (Fallback)
913286;-15.276884266360598;-49.6372582685618;CENTROIDE_IBGE;Centro Geográfico do Município (Fallback)
916056;-27.194952938007503;-51.40836850118705;CENTROIDE_IBGE;Centro Geográfico do Município (Fallback)
921629;-6.152476353554787;-50.490788509951514;CENTROIDE_IBGE;Centro Geográfico do Município (Fallback)
921769;-27.379246933554647;-48.57871594357497;CENTROIDE_IBGE;Centro Geográfico do Município (Fallback)
923796;-15.469459055855717;-45.45805260090916;CENTROIDE_IBGE;Centro Geográfico do Município (Fallback)
926078;-20.400739611521058;-40.51266543978907;CENTROIDE_IBGE;Centro Geográfico do Município (Fallback)
935050;-27.194952938007503;-51.40836850118705;CENTROIDE_IBGE;Centro Geográfico do Município (Fallback)
937789;-24.190854822027923;-54.23212511690603;CENTROIDE_IBGE;Centro Geográfico do Município (Fallback)
942898;-15.590527272341802;-55.81932821863121;CENTROIDE_IBGE;Centro Geográfico do Município (Fallback)
946672;-20.129311810989538;-40.30082009831746;CENTROIDE_IBGE;Centro Geográfico do Município (Fallback)
949949;-10.662024064531488;-37.59840095063172;CENTROIDE_IBGE;Centro Geográfico do Município (Fallback)
960985;-3.0730903892323584;-45.00402419097276;CENTROIDE_IBGE;Centro Geográfico do Município (Fallback)
965537;-7.429120296494559;-34.84243250703125;CENTROIDE_IBGE;Centro Geográfico do Município (Fallback)
966274;-3.1347219239524864;-51.97477196470364;CENTROIDE_IBGE;Centro Geográfico do Município (Fallback)
966282;-3.1347219239524864;-51.97477196470364;CENTROIDE_IBGE;Centro Geográfico do Município (Fallback)
966304;-3.1347219239524864;-51.97477196470364;CENTROIDE_IBGE;Centro Geográfico do Município (Fallback)
966320;-3.1347219239524864;-51.97477196470364;CENTROIDE_IBGE;Centro Geográfico do Município (Fallback)
967777;-18.75264363913467;-41.16907037580557;CENTROIDE_IBGE;Centro Geográfico do Município (Fallback)
982644;-2.6312570577510543;-44.28077473182609;CENTROIDE_IBGE;Centro Geográfico do Município (Fallback)
983888;-26.24670307680009;-53.52936959522469;CENTROIDE_IBGE;Centro Geográfico do Município (Fallback)
985007;-6.255483007584615;-39.908267415779946;CENTROIDE_IBGE;Centro Geográfico do Município (Fallback)
985724;-6.9192968581833165;-38.5397450890748;CENTROIDE_IBGE;Centro Geográfico do Município (Fallback)
986410;-3.870139917670541;-45.43279681321932;CENTROIDE_IBGE;Centro Geográfico do Município (Fallback)
994014;-3.8117145454973373;-40.22786464707962;CENTROIDE_IBGE;Centro Geográfico do Município (Fallback)
996491;-22.70920999093414;-42.05623734513355;CENTROIDE_IBGE;Centro Geográfico do Município (Fallback)
1053590;-12.767777852773662;-38.40106540922927;CENTROIDE_IBGE;Centro Geográfico do Município (Fallback)
1076728;-23.647230886121164;-46.650005793577364;CENTROIDE_IBGE;Centro Geográfico do Município (Fallback)
1091255;-20.41201987826045;-42.91585031982038;CENTROIDE_IBGE;Centro Geográfico do Município (Fallback)
1097318;-23.528825751137113;-46.79119347615232;CENTROIDE_IBGE;Centro Geográfico do Município (Fallback)
1114980;-22.95349908280511;-44.0384289046485;CENTROIDE_IBGE;Centro Geográfico do Município (Fallback)
1148214;-19.43648772885357;-42.60215898296827;CENTROIDE_IBGE;Centro Geográfico do Município (Fallback)
2000547;-7.972125498265591;-72.75467575274634;CENTROIDE_IBGE;Centro Geográfico do Município (Fallback)
2001055;-10.47331528773813;-67.83555148755795;CENTROIDE_IBGE;Centro Geográfico do Município (Fallback)
2001179;-8.239926188067207;-71.44497642884238;CENTROIDE_IBGE;Centro Geográfico do Município (Fallback)
2001918;-7.972125498265591;-72.75467575274634;CENTROIDE_IBGE;Centro Geográfico do Município (Fallback)
2002574;-8.239926188067207;-71.44497642884238;CENTROIDE_IBGE;Centro Geográfico do Município (Fallback)
2002582;-8.239926188067207;-71.44497642884238;CENTROIDE_IBGE;Centro Geográfico do Município (Fallback)
2004453;-9.543772416895763;-37.01225430695931;CENTROIDE_IBGE;Centro Geográfico do Município (Fallback)
2007274;-9.733176974762364;-36.466524246925864;CENTROIDE_IBGE;Centro Geográfico do Município (Fallback)
2007371;-9.733176974762364;-36.466524246925864;CENTROIDE_IBGE;Centro Geográfico do Município (Fallback)
2007851;-9.715184276996983;-35.90908241823723;CENTROIDE_IBGE;Centro Geográfico do Município (Fallback)
2008513;-9.543877268856974;-36.680404487623974;CENTROIDE_IBGE;Centro Geográfico do Município (Fallback)
2008599;-9.26674749916726;-37.89845165817299;CENTROIDE_IBGE;Centro Geográfico do Município (Fallback)
2008629;-9.26674749916726;-37.89845165817299;CENTROIDE_IBGE;Centro Geográfico do Município (Fallback)
2009412;-9.085687410056558;-35.299101235384896;CENTROIDE_IBGE;Centro Geográfico do Município (Fallback)
2010550;-9.420164066241469;-36.60620234328066;CENTROIDE_IBGE;Centro Geográfico do Município (Fallback)
2010577;-9.420164066241469;-36.60620234328066;CENTROIDE_IBGE;Centro Geográfico do Município (Fallback)
2010984;-9.420164066241469;-36.60620234328066;CENTROIDE_IBGE;Centro Geográfico do Município (Fallback)
2011018;-9.420164066241469;-36.60620234328066;CENTROIDE_IBGE;Centro Geográfico do Município (Fallback)
2016087;-2.626912683578959;-60.259213321498706;CENTROIDE_IBGE;Centro Geográfico do Município (Fallback)
2016761;-1.6805954751093437;-57.65590931656218;CENTROIDE_IBGE;Centro Geográfico do Município (Fallback)
2018438;-2.048728270976773;-61.70342408295032;CENTROIDE_IBGE;Centro Geográfico do Município (Fallback)
2018454;-2.048728270976773;-61.70342408295032;CENTROIDE_IBGE;Centro Geográfico do Município (Fallback)
2019736;0.5858137518245408;-51.67154456865561;CENTROIDE_IBGE;Centro Geográfico do Município (Fallback)
2020319;-0.06679927168622073;-51.951012538069776;CENTROIDE_IBGE;Centro Geográfico do Município (Fallback)
2020335;-0.06679927168622073;-51.951012538069776;CENTROIDE_IBGE;Centro Geográfico do Município (Fallback)
2020351;-0.06679927168622073;-51.951012538069776;CENTROIDE_IBGE;Centro Geográfico do Município (Fallback)
2020386;-0.06679927168622073;-51.951012538069776;CENTROIDE_IBGE;Centro Geográfico do Município (Fallback)
2021900;1.7466925314741728;-50.592695011337035;CENTROIDE_IBGE;Centro Geográfico do Município (Fallback)
2022028;-0.06679927168622073;-51.951012538069776;CENTROIDE_IBGE;Centro Geográfico do Município (Fallback)
2031507;-23.868032232394246;-46.29068496551548;CENTROIDE_IBGE;Centro Geográfico do Município (Fallback)
2035790;-20.436427560621958;-50.749233958231144;CENTROIDE_IBGE;Centro Geográfico do Município (Fallback)
2046571;-23.650232687884415;-46.84720184416432;CENTROIDE_IBGE;Centro Geográfico do Município (Fallback)
2047217;-23.6437187677612;-48.1207435152361;CENTROIDE_IBGE;Centro Geográfico do Município (Fallback)
2048833;-23.91545099678132;-48.87279208766813;CENTROIDE_IBGE;Centro Geográfico do Município (Fallback)
2051613;-22.882052741681278;-50.69646901270044;CENTROIDE_IBGE;Centro Geográfico do Município (Fallback)
2061015;-23.511543004457938;-47.22494656202309;CENTROIDE_IBGE;Centro Geográfico do Município (Fallback)
2061058;-24.60896239326532;-49.03645966226747;CENTROIDE_IBGE;Centro Geográfico do Município (Fallback)
2074265;-23.868032232394246;-46.29068496551548;CENTROIDE_IBGE;Centro Geográfico do Município (Fallback)
2079755;-20.06702986676923;-50.59471500226309;CENTROIDE_IBGE;Centro Geográfico do Município (Fallback)
2083728;-23.27323229304754;-46.71986262914798;CENTROIDE_IBGE;Centro Geográfico do Município (Fallback)
2084678;-22.70692477978169;-46.66860232270233;CENTROIDE_IBGE;Centro Geográfico do Município (Fallback)
2084791;-23.868032232394246;-46.29068496551548;CENTROIDE_IBGE;Centro Geográfico do Município (Fallback)
2093243;-21.45067669734257;-46.740977222039724;CENTROIDE_IBGE;Centro Geográfico do Município (Fallback)
2103427;-18.61007095370863;-41.925591482856284;CENTROIDE_IBGE;Centro Geográfico do Município (Fallback)
2104245;-15.320578354539697;-44.85054588184691;CENTROIDE_IBGE;Centro Geográfico do Município (Fallback)
2104350;-15.320578354539697;-44.85054588184691;CENTROIDE_IBGE;Centro Geográfico do Município (Fallback)
2105403;-14.858649681469458;-42.96726444665704;CENTROIDE_IBGE;Centro Geográfico do Município (Fallback)
2112159;-21.264904107665107;-45.034709306824716;CENTROIDE_IBGE;Centro Geográfico do Município (Fallback)
2116332;-19.440445877268804;-43.71772277782944;CENTROIDE_IBGE;Centro Geográfico do Município (Fallback)
2117908;-14.750795050741287;-44.42134565980124;CENTROIDE_IBGE;Centro Geográfico do Município (Fallback)
2118122;-17.86844363926446;-46.86838657068254;CENTROIDE_IBGE;Centro Geográfico do Município (Fallback)
2118432;-19.710383797718272;-42.10292889516698;CENTROIDE_IBGE;Centro Geográfico do Município (Fallback)
2118742;-18.783015930463385;-41.96412243322764;CENTROIDE_IBGE;Centro Geográfico do Município (Fallback)
2119137;-18.783015930463385;-41.96412243322764;CENTROIDE_IBGE;Centro Geográfico do Município (Fallback)
2120240;-16.58204071093528;-41.53227664392734;CENTROIDE_IBGE;Centro Geográfico do Município (Fallback)
2133296;-17.492539659520716;-43.0564929429319;CENTROIDE_IBGE;Centro Geográfico do Município (Fallback)
2133490;-18.47236730419634;-43.64727567799993;CENTROIDE_IBGE;Centro Geográfico do Município (Fallback)
2133709;-16.586783345174954;-41.83488511195849;CENTROIDE_IBGE;Centro Geográfico do Município (Fallback)
2134055;-17.69370393834072;-42.491613427176205;CENTROIDE_IBGE;Centro Geográfico do Município (Fallback)
2134063;-17.69370393834072;-42.491613427176205;CENTROIDE_IBGE;Centro Geográfico do Município (Fallback)
2136260;-20.79887166327964;-43.34767926217352;CENTROIDE_IBGE;Centro Geográfico do Município (Fallback)
2136279;-20.79887166327964;-43.34767926217352;CENTROIDE_IBGE;Centro Geográfico do Município (Fallback)
2141493;-21.755985720240773;-43.023809849995246;CENTROIDE_IBGE;Centro Geográfico do Município (Fallback)
2145340;-18.953579299742927;-47.848481407531985;CENTROIDE_IBGE;Centro Geográfico do Município (Fallback)
2148552;-21.36738803651117;-43.257044039136865;CENTROIDE_IBGE;Centro Geográfico do Município (Fallback)
2148900;-21.010354775894218;-42.839343711072296;CENTROIDE_IBGE;Centro Geográfico do Município (Fallback)
2149028;-21.247959762691128;-43.17481757206595;CENTROIDE_IBGE;Centro Geográfico do Município (Fallback)
2156768;-18.82147516147031;-44.449352285173305;CENTROIDE_IBGE;Centro Geográfico do Município (Fallback)
2160544;-19.87595712485979;-46.15953041623668;CENTROIDE_IBGE;Centro Geográfico do Município (Fallback)
2161311;-21.024742247240752;-44.20176508069732;CENTROIDE_IBGE;Centro Geográfico do Município (Fallback)
2173298;-21.26370309444396;-44.27348001287067;CENTROIDE_IBGE;Centro Geográfico do Município (Fallback)
2181614;-19.73351008856134;-44.30830411272914;CENTROIDE_IBGE;Centro Geográfico do Município (Fallback)
2183013;-14.385060564916527;-44.0834458857038;CENTROIDE_IBGE;Centro Geográfico do Município (Fallback)
2189828;-19.88521025334058;-44.08402126157842;CENTROIDE_IBGE;Centro Geográfico do Município (Fallback)
2190540;-19.88521025334058;-44.08402126157842;CENTROIDE_IBGE;Centro Geográfico do Município (Fallback)
2194929;-18.686521739744123;-49.58217122788305;CENTROIDE_IBGE;Centro Geográfico do Município (Fallback)
2198398;-20.329778722277243;-43.330596236428875;CENTROIDE_IBGE;Centro Geográfico do Município (Fallback)
2199645;-21.34099999571594;-42.674651473867264;CENTROIDE_IBGE;Centro Geográfico do Município (Fallback)
2202522;-20.555224884771707;-44.04759570539884;CENTROIDE_IBGE;Centro Geográfico do Município (Fallback)
2203405;-15.367012713176017;-41.660434231873055;CENTROIDE_IBGE;Centro Geográfico do Município (Fallback)
2207133;-20.524742563794213;-43.676559164630945;CENTROIDE_IBGE;Centro Geográfico do Município (Fallback)
2209810;-18.159754510131307;-41.8452559647282;CENTROIDE_IBGE;Centro Geográfico do Município (Fallback)
2215187;-18.75772325042514;-49.27286760508445;CENTROIDE_IBGE;Centro Geográfico do Município (Fallback)
2215209;-18.991494253371524;-49.54593294106029;CENTROIDE_IBGE;Centro Geográfico do Município (Fallback)
2220105;-18.783015930463385;-41.96412243322764;CENTROIDE_IBGE;Centro Geográfico do Município (Fallback)
2220180;-17.626953743427446;-41.824297661760184;CENTROIDE_IBGE;Centro Geográfico do Município (Fallback)
2223767;-29.68445472905545;-50.00107007181875;CENTROIDE_IBGE;Centro Geográfico do Município (Fallback)
2223961;-31.289767110409407;-51.07613771066714;CENTROIDE_IBGE;Centro Geográfico do Município (Fallback)
2225883;-29.464421836333628;-51.52485223041994;CENTROIDE_IBGE;Centro Geográfico do Município (Fallback)
2232863;-31.00668820781401;-52.03004574242718;CENTROIDE_IBGE;Centro Geográfico do Município (Fallback)
2234149;-29.632849842158993;-52.99878476875921;CENTROIDE_IBGE;Centro Geográfico do Município (Fallback)
2236990;-29.263947909613535;-51.71796479083125;CENTROIDE_IBGE;Centro Geográfico do Município (Fallback)
2238268;-28.75916420226981;-51.60717248174858;CENTROIDE_IBGE;Centro Geográfico do Município (Fallback)
2238497;-28.650449231326895;-49.9629524468532;CENTROIDE_IBGE;Centro Geográfico do Município (Fallback)
2242982;-29.458437100200285;-54.65025040120602;CENTROIDE_IBGE;Centro Geográfico do Município (Fallback)
2244780;-28.345382532110488;-51.91662570646643;CENTROIDE_IBGE;Centro Geográfico do Município (Fallback)
2245027;-28.86564390212607;-52.827917058742194;CENTROIDE_IBGE;Centro Geográfico do Município (Fallback)
2247682;-29.065018127261855;-55.77890457094339;CENTROIDE_IBGE;Centro Geográfico do Município (Fallback)
2247712;-29.065018127261855;-55.77890457094339;CENTROIDE_IBGE;Centro Geográfico do Município (Fallback)
2248522;-27.630096623109527;-52.64005791154841;CENTROIDE_IBGE;Centro Geográfico do Município (Fallback)
2249936;-27.707775072197766;-54.55781506504696;CENTROIDE_IBGE;Centro Geográfico do Município (Fallback)
2250012;-27.48774547177122;-54.372232160009744;CENTROIDE_IBGE;Centro Geográfico do Município (Fallback)
2250616;-28.03305055344806;-54.5359236305378;CENTROIDE_IBGE;Centro Geográfico do Município (Fallback)
2257475;-29.844106426245663;-51.573012568616754;CENTROIDE_IBGE;Centro Geográfico do Município (Fallback)
2259397;-28.495049522575517;-55.427404874462546;CENTROIDE_IBGE;Centro Geográfico do Município (Fallback)
2260018;-28.7006345524373;-51.930709182766265;CENTROIDE_IBGE;Centro Geográfico do Município (Fallback)
2260980;-27.575761725869103;-53.97717591811255;CENTROIDE_IBGE;Centro Geográfico do Município (Fallback)
2261723;-31.05782978331424;-54.666980318972286;CENTROIDE_IBGE;Centro Geográfico do Município (Fallback)
2267896;-22.05609969144887;-42.497973413573426;CENTROIDE_IBGE;Centro Geográfico do Município (Fallback)
2271680;-21.89302480261459;-42.5641202101074;CENTROIDE_IBGE;Centro Geográfico do Município (Fallback)
2272105;-21.42386045608744;-41.65461139059665;CENTROIDE_IBGE;Centro Geográfico do Município (Fallback)
2272881;-22.914787973332047;-43.048239501201415;CENTROIDE_IBGE;Centro Geográfico do Município (Fallback)
2273942;-22.357299986957848;-43.56928065377792;CENTROIDE_IBGE;Centro Geográfico do Município (Fallback)
2277042;-22.504492334041856;-43.63231391257062;CENTROIDE_IBGE;Centro Geográfico do Município (Fallback)
2277050;-22.504492334041856;-43.63231391257062;CENTROIDE_IBGE;Centro Geográfico do Município (Fallback)
2277085;-22.504492334041856;-43.63231391257062;CENTROIDE_IBGE;Centro Geográfico do Município (Fallback)
2277115;-22.504492334041856;-43.63231391257062;CENTROIDE_IBGE;Centro Geográfico do Município (Fallback)
2277123;-22.504492334041856;-43.63231391257062;CENTROIDE_IBGE;Centro Geográfico do Município (Fallback)
2277131;-22.504492334041856;-43.63231391257062;CENTROIDE_IBGE;Centro Geográfico do Município (Fallback)
2277166;-22.504492334041856;-43.63231391257062;CENTROIDE_IBGE;Centro Geográfico do Município (Fallback)
2277174;-22.504492334041856;-43.63231391257062;CENTROIDE_IBGE;Centro Geográfico do Município (Fallback)
2283409;-22.504492334041856;-43.63231391257062;CENTROIDE_IBGE;Centro Geográfico do Município (Fallback)
2285770;-22.129550774651655;-42.15630249922899;CENTROIDE_IBGE;Centro Geográfico do Município (Fallback)
2289903;-21.4974771720293;-41.91512437278377;CENTROIDE_IBGE;Centro Geográfico do Município (Fallback)
2292300;-21.88515055121395;-42.10470171124175;CENTROIDE_IBGE;Centro Geográfico do Município (Fallback)
2300281;-27.407825464672946;-50.29680465602266;CENTROIDE_IBGE;Centro Geográfico do Município (Fallback)
2300974;-28.363335715888418;-49.65294556506709;CENTROIDE_IBGE;Centro Geográfico do Município (Fallback)
2303736;-27.241304760209367;-52.01124609378559;CENTROIDE_IBGE;Centro Geográfico do Município (Fallback)
2304880;-11.848604259020021;-41.83513793584272;CENTROIDE_IBGE;Centro Geográfico do Município (Fallback)
2306360;-9.998926048101893;-67.42861595080029;CENTROIDE_IBGE;Centro Geográfico do Município (Fallback)
2306735;-4.248017423721863;-43.11278595777161;CENTROIDE_IBGE;Centro Geográfico do Município (Fallback)
2306905;-5.528997305263888;-44.09030753101549;CENTROIDE_IBGE;Centro Geográfico do Município (Fallback)
2307049;-3.0918354346036616;-44.07809201341296;CENTROIDE_IBGE;Centro Geográfico do Município (Fallback)
2311216;-2.540086343904788;-45.77286651575713;CENTROIDE_IBGE;Centro Geográfico do Município (Fallback)
2311577;-10.403822152542133;-51.698917045881224;CENTROIDE_IBGE;Centro Geográfico do Município (Fallback)
2312190;-5.926051985821494;-48.371485503440766;CENTROIDE_IBGE;Centro Geográfico do Município (Fallback)
2312565;-4.502636767007173;-50.271084493322626;CENTROIDE_IBGE;Centro Geográfico do Município (Fallback)
2312581;-4.502636767007173;-50.271084493322626;CENTROIDE_IBGE;Centro Geográfico do Município (Fallback)
2312638;-4.502636767007173;-50.271084493322626;CENTROIDE_IBGE;Centro Geográfico do Município (Fallback)
2312921;-1.5838226397234114;-49.98704348364427;CENTROIDE_IBGE;Centro Geográfico do Município (Fallback)
2313111;-1.14958742100939;-51.55409952242654;CENTROIDE_IBGE;Centro Geográfico do Município (Fallback)
2313146;-1.14958742100939;-51.55409952242654;CENTROIDE_IBGE;Centro Geográfico do Município (Fallback)
2313200;-1.14958742100939;-51.55409952242654;CENTROIDE_IBGE;Centro Geográfico do Município (Fallback)
2313243;-1.14958742100939;-51.55409952242654;CENTROIDE_IBGE;Centro Geográfico do Município (Fallback)
2316315;-1.3575631969043083;-49.30784404212501;CENTROIDE_IBGE;Centro Geográfico do Município (Fallback)
2320150;4.684511367217963;-60.27989602830853;CENTROIDE_IBGE;Centro Geográfico do Município (Fallback)
2320193;4.684511367217963;-60.27989602830853;CENTROIDE_IBGE;Centro Geográfico do Município (Fallback)
2320355;2.274825851372771;-60.54191806324649;CENTROIDE_IBGE;Centro Geográfico do Município (Fallback)
2321807;-7.666114119020494;-38.57974110265336;CENTROIDE_IBGE;Centro Geográfico do Município (Fallback)
2325659;-6.818409941477118;-41.78972697279965;CENTROIDE_IBGE;Centro Geográfico do Município (Fallback)
2326698;-5.8828663986700835;-42.955382131477556;CENTROIDE_IBGE;Centro Geográfico do Município (Fallback)
2326701;-5.8828663986700835;-42.955382131477556;CENTROIDE_IBGE;Centro Geográfico do Município (Fallback)
2326744;-5.8828663986700835;-42.955382131477556;CENTROIDE_IBGE;Centro Geográfico do Município (Fallback)
2327112;-4.130174029670673;-41.01167323980856;CENTROIDE_IBGE;Centro Geográfico do Município (Fallback)
2327228;-3.8678146557017903;-41.00613041117594;CENTROIDE_IBGE;Centro Geográfico do Município (Fallback)
2327910;-4.470783165178095;-38.90598394110628;CENTROIDE_IBGE;Centro Geográfico do Município (Fallback)
2328879;-1.3384786413967038;-48.27768882798113;CENTROIDE_IBGE;Centro Geográfico do Município (Fallback)
2329166;-5.734265308275373;-48.43122904723297;CENTROIDE_IBGE;Centro Geográfico do Município (Fallback)
2330482;-3.2921529185175586;-52.68601701854573;CENTROIDE_IBGE;Centro Geográfico do Município (Fallback)
2331330;-2.1202384668021135;-53.66094138632162;CENTROIDE_IBGE;Centro Geográfico do Município (Fallback)
2331365;-2.1202384668021135;-53.66094138632162;CENTROIDE_IBGE;Centro Geográfico do Município (Fallback)
2331373;-2.1202384668021135;-53.66094138632162;CENTROIDE_IBGE;Centro Geográfico do Município (Fallback)
2331381;-2.1202384668021135;-53.66094138632162;CENTROIDE_IBGE;Centro Geográfico do Município (Fallback)
2331624;-2.1202384668021135;-53.66094138632162;CENTROIDE_IBGE;Centro Geográfico do Município (Fallback)
2332396;0.2852640624508325;-53.89447700470648;CENTROIDE_IBGE;Centro Geográfico do Município (Fallback)
2341557;-7.680663707231477;-35.741530480807654;CENTROIDE_IBGE;Centro Geográfico do Município (Fallback)
2342154;-7.048833534902392;-34.854933333333335;CENTROIDE_IBGE;Centro Geográfico do Município (Fallback)
2342294;-6.790253696899016;-36.07460515828111;CENTROIDE_IBGE;Centro Geográfico do Município (Fallback)
2344505;-8.083004613569157;-35.88305702770639;CENTROIDE_IBGE;Centro Geográfico do Município (Fallback)
2347601;-7.688333084689771;-37.26465438353917;CENTROIDE_IBGE;Centro Geográfico do Município (Fallback)
2349922;-8.222660283291148;-36.71101831284065;CENTROIDE_IBGE;Centro Geográfico do Município (Fallback)
2351072;-8.75008316309797;-36.32182071867298;CENTROIDE_IBGE;Centro Geográfico do Município (Fallback)
2351560;-7.84563532067146;-35.446693222443066;CENTROIDE_IBGE;Centro Geográfico do Município (Fallback)
2352729;-7.744646704280421;-39.20347189643681;CENTROIDE_IBGE;Centro Geográfico do Município (Fallback)
2356244;-8.733050004059786;-35.480859776641154;CENTROIDE_IBGE;Centro Geográfico do Município (Fallback)
2356422;-8.834532610056378;-36.02710575669109;CENTROIDE_IBGE;Centro Geográfico do Município (Fallback)
2361795;-16.186706446425326;-48.710863056716995;CENTROIDE_IBGE;Centro Geográfico do Município (Fallback)
2361825;-16.186706446425326;-48.710863056716995;CENTROIDE_IBGE;Centro Geográfico do Município (Fallback)
2363283;-7.492547599674712;-38.40270672739402;CENTROIDE_IBGE;Centro Geográfico do Município (Fallback)
2364433;-6.676434931656743;-36.42981821749711;CENTROIDE_IBGE;Centro Geográfico do Município (Fallback)
2364565;-4.878835633310843;-42.14417475983858;CENTROIDE_IBGE;Centro Geográfico do Município (Fallback)
2365685;-7.746034687653859;-43.876878088934234;CENTROIDE_IBGE;Centro Geográfico do Município (Fallback)
2366363;-7.745489760591903;-44.09221660926125;CENTROIDE_IBGE;Centro Geográfico do Município (Fallback)
2366606;-6.145889151488165;-42.5262801767019;CENTROIDE_IBGE;Centro Geográfico do Município (Fallback)
2366789;-7.07665474139882;-43.8927590788924;CENTROIDE_IBGE;Centro Geográfico do Município (Fallback)
2367408;-8.456002153967274;-43.96813965439761;CENTROIDE_IBGE;Centro Geográfico do Município (Fallback)
2368188;-6.960233288914834;-41.694089245117496;CENTROIDE_IBGE;Centro Geográfico do Município (Fallback)
2369052;-7.237771563803515;-41.77505274046574;CENTROIDE_IBGE;Centro Geográfico do Município (Fallback)
2372746;-4.402673051417399;-38.11352795293082;CENTROIDE_IBGE;Centro Geográfico do Município (Fallback)
2373114;-4.246106957645057;-38.76218803000447;CENTROIDE_IBGE;Centro Geográfico do Município (Fallback)
2373386;-3.9535388301250203;-38.5962190532616;CENTROIDE_IBGE;Centro Geográfico do Município (Fallback)
2374978;-6.160867984376619;-35.117264027512945;CENTROIDE_IBGE;Centro Geográfico do Município (Fallback)
2374986;-6.160867984376619;-35.117264027512945;CENTROIDE_IBGE;Centro Geográfico do Município (Fallback)
2381109;-6.452636846303287;-38.28475436360104;CENTROIDE_IBGE;Centro Geográfico do Município (Fallback)
2381125;-6.442283754686756;-38.165286186704854;CENTROIDE_IBGE;Centro Geográfico do Município (Fallback)
2381133;-6.442283754686756;-38.165286186704854;CENTROIDE_IBGE;Centro Geográfico do Município (Fallback)
2381141;-6.408099458465554;-38.32166282273534;CENTROIDE_IBGE;Centro Geográfico do Município (Fallback)
2381168;-6.408099458465554;-38.32166282273534;CENTROIDE_IBGE;Centro Geográfico do Município (Fallback)
2381311;-6.1548745983426;-37.76177825571295;CENTROIDE_IBGE;Centro Geográfico do Município (Fallback)
2381338;-6.1548745983426;-37.76177825571295;CENTROIDE_IBGE;Centro Geográfico do Município (Fallback)
2383640;-17.41775162659343;-49.73944105379387;CENTROIDE_IBGE;Centro Geográfico do Município (Fallback)
2385783;-28.19568041308132;-48.703217363141654;CENTROIDE_IBGE;Centro Geográfico do Município (Fallback)
2386232;-12.776905587853696;-41.80219585810709;CENTROIDE_IBGE;Centro Geográfico do Município (Fallback)
2386747;-14.995625603221933;-40.364266265363284;CENTROIDE_IBGE;Centro Geográfico do Município (Fallback)
2386984;-14.010614856462935;-39.16421626060458;CENTROIDE_IBGE;Centro Geográfico do Município (Fallback)
2387271;-11.753424736133129;-41.698677799273;CENTROIDE_IBGE;Centro Geográfico do Município (Fallback)
2387298;-11.753424736133129;-41.698677799273;CENTROIDE_IBGE;Centro Geográfico do Município (Fallback)
2389460;-11.151231279757274;-42.11258817335073;CENTROIDE_IBGE;Centro Geográfico do Município (Fallback)
2390132;-2.6515710072330863;-43.861330523231416;CENTROIDE_IBGE;Centro Geográfico do Município (Fallback)
2390183;-4.522091132859035;-45.395755654260036;CENTROIDE_IBGE;Centro Geográfico do Município (Fallback)
2391198;-16.537041060970186;-55.447142968477266;CENTROIDE_IBGE;Centro Geográfico do Município (Fallback)
2391260;-16.537041060970186;-55.447142968477266;CENTROIDE_IBGE;Centro Geográfico do Município (Fallback)
2391759;-10.013326491303296;-54.35682092037491;CENTROIDE_IBGE;Centro Geográfico do Município (Fallback)
2392518;-9.980802036142943;-51.40577829885514;CENTROIDE_IBGE;Centro Geográfico do Município (Fallback)
2392550;-11.45534578943649;-51.96768189444377;CENTROIDE_IBGE;Centro Geográfico do Município (Fallback)
2393352;-11.533617159437556;-59.324635275691605;CENTROIDE_IBGE;Centro Geográfico do Município (Fallback)
2394707;-15.3049580497352;-58.86468915031593;CENTROIDE_IBGE;Centro Geográfico do Município (Fallback)
2395592;-16.660785755965392;-52.937197166250705;CENTROIDE_IBGE;Centro Geográfico do Município (Fallback)
2395649;-15.364110220673503;-52.443272491399696;CENTROIDE_IBGE;Centro Geográfico do Município (Fallback)
2397935;-24.331455271130896;-49.7046189178392;CENTROIDE_IBGE;Centro Geográfico do Município (Fallback)
2398265;-25.169263683348404;-50.83950565944913;CENTROIDE_IBGE;Centro Geográfico do Município (Fallback)
2401215;-12.935350849986738;-39.5246270238346;CENTROIDE_IBGE;Centro Geográfico do Município (Fallback)
2402513;-9.230265871310731;-38.44546766412576;CENTROIDE_IBGE;Centro Geográfico do Município (Fallback)
2404095;-7.798201229661631;-42.021033139271694;CENTROIDE_IBGE;Centro Geográfico do Município (Fallback)
2404575;-9.523959347427807;-44.45444827470139;CENTROIDE_IBGE;Centro Geográfico do Município (Fallback)
2407558;-6.366966654452525;-37.99194499101921;CENTROIDE_IBGE;Centro Geográfico do Município (Fallback)
2407779;-6.080143045771598;-37.906437888680315;CENTROIDE_IBGE;Centro Geográfico do Município (Fallback)
2410435;-5.362323221782914;-36.72276428991051;CENTROIDE_IBGE;Centro Geográfico do Município (Fallback)
2411229;-26.54163051764238;-52.5571878656328;CENTROIDE_IBGE;Centro Geográfico do Município (Fallback)
2411288;-26.87004984712123;-52.41320986729157;CENTROIDE_IBGE;Centro Geográfico do Município (Fallback)
2413957;-15.935488028297184;-39.17642171182299;CENTROIDE_IBGE;Centro Geográfico do Município (Fallback)
2414287;-13.041843669167623;-39.62640131766576;CENTROIDE_IBGE;Centro Geográfico do Município (Fallback)
2418681;-6.701234437658651;-35.59865513587608;CENTROIDE_IBGE;Centro Geográfico do Município (Fallback)
2418835;-27.379246933554647;-48.57871594357497;CENTROIDE_IBGE;Centro Geográfico do Município (Fallback)
2420155;-10.163879035540386;-36.91989792687837;CENTROIDE_IBGE;Centro Geográfico do Município (Fallback)
2420732;-10.903359266131543;-37.665196131165224;CENTROIDE_IBGE;Centro Geográfico do Município (Fallback)
2420899;-11.033285081108252;-37.80158801330283;CENTROIDE_IBGE;Centro Geográfico do Município (Fallback)
2421437;-11.396935413729684;-37.6634583023223;CENTROIDE_IBGE;Centro Geográfico do Município (Fallback)
2421763;-10.731542230376839;-37.106830291330006;CENTROIDE_IBGE;Centro Geográfico do Município (Fallback)
2422182;-10.576405609675163;-37.129004653325765;CENTROIDE_IBGE;Centro Geográfico do Município (Fallback)
2422204;-10.576405609675163;-37.129004653325765;CENTROIDE_IBGE;Centro Geográfico do Município (Fallback)
2422557;-10.245708131353044;-36.802651212529774;CENTROIDE_IBGE;Centro Geográfico do Município (Fallback)
2422611;-10.355806590371166;-37.1924453550113;CENTROIDE_IBGE;Centro Geográfico do Município (Fallback)
2426609;-4.914416374682541;-40.04431984316177;CENTROIDE_IBGE;Centro Geográfico do Município (Fallback)
2427036;-2.9495113384089007;-40.79924325363711;CENTROIDE_IBGE;Centro Geográfico do Município (Fallback)
2431076;-7.51569783097685;-39.74902791377576;CENTROIDE_IBGE;Centro Geográfico do Município (Fallback)
2437422;-15.91804461459679;-51.57970386268857;CENTROIDE_IBGE;Centro Geográfico do Município (Fallback)
2437430;-15.91804461459679;-51.57970386268857;CENTROIDE_IBGE;Centro Geográfico do Município (Fallback)
2438399;-16.124161108087904;-48.073994512571964;CENTROIDE_IBGE;Centro Geográfico do Município (Fallback)
2439875;-13.000614987556686;-46.51218176637442;CENTROIDE_IBGE;Centro Geográfico do Município (Fallback)
2442299;-15.755813405491205;-48.28447170585956;CENTROIDE_IBGE;Centro Geográfico do Município (Fallback)
2444666;-15.700140011979826;-40.04825728918993;CENTROIDE_IBGE;Centro Geográfico do Município (Fallback)
2446863;-20.350639906504085;-41.657216545996604;CENTROIDE_IBGE;Centro Geográfico do Município (Fallback)
2447436;-20.488485023807517;-41.690328036924846;CENTROIDE_IBGE;Centro Geográfico do Município (Fallback)
2448866;-18.952862325788484;-40.50682672300244;CENTROIDE_IBGE;Centro Geográfico do Município (Fallback)
2450496;-2.877460208299299;-44.943715579991675;CENTROIDE_IBGE;Centro Geográfico do Município (Fallback)
2451441;-3.8520944558732557;-45.09340292770805;CENTROIDE_IBGE;Centro Geográfico do Município (Fallback)
2451727;-3.53644668274401;-44.72677582179925;CENTROIDE_IBGE;Centro Geográfico do Município (Fallback)
2451751;-6.056134298118732;-44.18262053633324;CENTROIDE_IBGE;Centro Geográfico do Município (Fallback)
2454122;-2.4174673707517575;-45.36995147907721;CENTROIDE_IBGE;Centro Geográfico do Município (Fallback)
2454785;-5.637717191405947;-43.4624253494061;CENTROIDE_IBGE;Centro Geográfico do Município (Fallback)
2458624;-2.577704696761945;-44.13060881284085;CENTROIDE_IBGE;Centro Geográfico do Município (Fallback)
2459965;-3.626250809738614;-43.22576088930938;CENTROIDE_IBGE;Centro Geográfico do Município (Fallback)
2460424;-3.0048684762177875;-44.764111124923424;CENTROIDE_IBGE;Centro Geográfico do Município (Fallback)
2460467;-3.0048684762177875;-44.764111124923424;CENTROIDE_IBGE;Centro Geográfico do Município (Fallback)
2460483;-3.0048684762177875;-44.764111124923424;CENTROIDE_IBGE;Centro Geográfico do Município (Fallback)
2460661;-2.5696589376798764;-44.89496565394403;CENTROIDE_IBGE;Centro Geográfico do Município (Fallback)
2461455;-3.7006502192044137;-45.45039079764476;CENTROIDE_IBGE;Centro Geográfico do Município (Fallback)
2461536;-4.502765713835615;-43.382899291859545;CENTROIDE_IBGE;Centro Geográfico do Município (Fallback)
2463938;-7.091863724338091;-44.88367889395638;CENTROIDE_IBGE;Centro Geográfico do Município (Fallback)
2464217;-2.427308052793631;-46.11718862896516;CENTROIDE_IBGE;Centro Geográfico do Município (Fallback)
2465663;-3.3452977847169487;-42.88042661573784;CENTROIDE_IBGE;Centro Geográfico do Município (Fallback)
2465671;-3.3452977847169487;-42.88042661573784;CENTROIDE_IBGE;Centro Geográfico do Município (Fallback)
2465728;-3.3452977847169487;-42.88042661573784;CENTROIDE_IBGE;Centro Geográfico do Município (Fallback)
2466961;-11.135325583795574;-40.567596342399824;CENTROIDE_IBGE;Centro Geográfico do Município (Fallback)
2467615;-9.417729036754944;-48.68393684507416;CENTROIDE_IBGE;Centro Geográfico do Município (Fallback)
2470144;-12.499515524519788;-40.262477200339426;CENTROIDE_IBGE;Centro Geográfico do Município (Fallback)
2471248;-9.969739609064693;-57.246324894736134;CENTROIDE_IBGE;Centro Geográfico do Município (Fallback)
2472805;-12.874539768413364;-51.56948418469954;CENTROIDE_IBGE;Centro Geográfico do Município (Fallback)
2474107;-5.376321905675392;-35.4004060132608;CENTROIDE_IBGE;Centro Geográfico do Município (Fallback)
2474212;-5.450276121741863;-35.35468613054776;CENTROIDE_IBGE;Centro Geográfico do Município (Fallback)
2474530;-5.4080517257541905;-35.58239845876284;CENTROIDE_IBGE;Centro Geográfico do Município (Fallback)
2475014;-6.431399609300033;-35.89889722392426;CENTROIDE_IBGE;Centro Geográfico do Município (Fallback)
2475472;-6.354234454241335;-36.82503328032958;CENTROIDE_IBGE;Centro Geográfico do Município (Fallback)
2476886;-10.469131121592262;-37.23879686390802;CENTROIDE_IBGE;Centro Geográfico do Município (Fallback)
2479842;-3.6218592250765544;-39.5168119705587;CENTROIDE_IBGE;Centro Geográfico do Município (Fallback)
2481863;-3.8772259215463247;-38.45891319681229;CENTROIDE_IBGE;Centro Geográfico do Município (Fallback)
2483963;-18.949100304390587;-40.00265702572661;CENTROIDE_IBGE;Centro Geográfico do Município (Fallback)
2485532;-21.084218943545096;-41.63171048519647;CENTROIDE_IBGE;Centro Geográfico do Município (Fallback)
2486156;-20.71848118471623;-40.68448581738187;CENTROIDE_IBGE;Centro Geográfico do Município (Fallback)
2486296;-20.400739611521058;-40.51266543978907;CENTROIDE_IBGE;Centro Geográfico do Município (Fallback)
2487527;-13.810730361700688;-41.99196944870623;CENTROIDE_IBGE;Centro Geográfico do Município (Fallback)
2495058;-3.583616570136728;-53.806647945182974;CENTROIDE_IBGE;Centro Geográfico do Município (Fallback)
2497433;-12.473246654194128;-62.27508611524697;CENTROIDE_IBGE;Centro Geográfico do Município (Fallback)
2497875;-10.48641603785673;-40.11494755051539;CENTROIDE_IBGE;Centro Geográfico do Município (Fallback)
2497972;-10.48641603785673;-40.11494755051539;CENTROIDE_IBGE;Centro Geográfico do Município (Fallback)
2497999;-10.48641603785673;-40.11494755051539;CENTROIDE_IBGE;Centro Geográfico do Município (Fallback)
2506513;-11.434335978208365;-38.35587395836099;CENTROIDE_IBGE;Centro Geográfico do Município (Fallback)
2506548;-11.434335978208365;-38.35587395836099;CENTROIDE_IBGE;Centro Geográfico do Município (Fallback)
2507188;-16.085426798224574;-48.28260878598636;CENTROIDE_IBGE;Centro Geográfico do Município (Fallback)
2507439;-13.145069293899793;-50.24895099623854;CENTROIDE_IBGE;Centro Geográfico do Município (Fallback)
2509075;-11.304270828707859;-41.996025847201786;CENTROIDE_IBGE;Centro Geográfico do Município (Fallback)
2509555;-15.426084578531237;-40.65194825249619;CENTROIDE_IBGE;Centro Geográfico do Município (Fallback)
2514346;-11.97412473663461;-38.86209868209774;CENTROIDE_IBGE;Centro Geográfico do Município (Fallback)
2514354;-11.97412473663461;-38.86209868209774;CENTROIDE_IBGE;Centro Geográfico do Município (Fallback)
2524279;-11.666069590123266;-38.99438875682231;CENTROIDE_IBGE;Centro Geográfico do Município (Fallback)
2524325;-11.666069590123266;-38.99438875682231;CENTROIDE_IBGE;Centro Geográfico do Município (Fallback)
2524449;-15.054841151757024;-41.472182844125;CENTROIDE_IBGE;Centro Geográfico do Município (Fallback)
2524503;-11.666069590123266;-38.99438875682231;CENTROIDE_IBGE;Centro Geográfico do Município (Fallback)
2526220;-13.628406987390221;-39.619164327267356;CENTROIDE_IBGE;Centro Geográfico do Município (Fallback)
2526271;-13.628406987390221;-39.619164327267356;CENTROIDE_IBGE;Centro Geográfico do Município (Fallback)
2527375;-7.272478094593702;-38.943174523807016;CENTROIDE_IBGE;Centro Geográfico do Município (Fallback)
2527790;-3.05353346853003;-40.30799517801293;CENTROIDE_IBGE;Centro Geográfico do Município (Fallback)
2531534;-4.738074049412771;-45.20628214543438;CENTROIDE_IBGE;Centro Geográfico do Município (Fallback)
2532077;-3.159570902716948;-44.33053678864319;CENTROIDE_IBGE;Centro Geográfico do Município (Fallback)
2547171;-20.65023655323334;-41.00189604672966;CENTROIDE_IBGE;Centro Geográfico do Município (Fallback)
2549522;-26.47060053914491;-51.39218705437673;CENTROIDE_IBGE;Centro Geográfico do Município (Fallback)
2550377;-12.361575908314787;-38.25188132560548;CENTROIDE_IBGE;Centro Geográfico do Município (Fallback)
2552043;-5.0879292752291;-37.86120723030632;CENTROIDE_IBGE;Centro Geográfico do Município (Fallback)
2555611;-28.482051986823812;-49.208149420043604;CENTROIDE_IBGE;Centro Geográfico do Município (Fallback)
2557924;-27.04004980850141;-52.154225217803585;CENTROIDE_IBGE;Centro Geográfico do Município (Fallback)
2558831;-19.979331129023887;-54.735882566723426;CENTROIDE_IBGE;Centro Geográfico do Município (Fallback)
2560186;-8.45182266423497;-48.75266528309811;CENTROIDE_IBGE;Centro Geográfico do Município (Fallback)
2561603;-4.0629370554042;-39.44776066032411;CENTROIDE_IBGE;Centro Geográfico do Município (Fallback)
2561654;-3.7336432201066616;-39.575101324849065;CENTROIDE_IBGE;Centro Geográfico do Município (Fallback)
2563045;-7.094774126558495;-39.66555569687653;CENTROIDE_IBGE;Centro Geográfico do Município (Fallback)
2563355;-7.222394510757868;-39.75719832447622;CENTROIDE_IBGE;Centro Geográfico do Município (Fallback)
2564831;-5.26290051455171;-38.903147150379894;CENTROIDE_IBGE;Centro Geográfico do Município (Fallback)
2564912;-5.639097942997026;-39.16841772200634;CENTROIDE_IBGE;Centro Geográfico do Município (Fallback)
2564939;-5.639097942997026;-39.16841772200634;CENTROIDE_IBGE;Centro Geográfico do Município (Fallback)
2564955;-5.639097942997026;-39.16841772200634;CENTROIDE_IBGE;Centro Geográfico do Município (Fallback)
2564971;-5.639097942997026;-39.16841772200634;CENTROIDE_IBGE;Centro Geográfico do Município (Fallback)
2565420;-4.955623261801336;-38.94563046853081;CENTROIDE_IBGE;Centro Geográfico do Município (Fallback)
2568829;-20.082527430625763;-40.802510186229746;CENTROIDE_IBGE;Centro Geográfico do Município (Fallback)
2584069;-26.237729221564802;-53.29342995056408;CENTROIDE_IBGE;Centro Geográfico do Município (Fallback)
2585863;-26.237729221564802;-53.29342995056408;CENTROIDE_IBGE;Centro Geográfico do Município (Fallback)
2585944;-25.8802579957929;-52.958758811414036;CENTROIDE_IBGE;Centro Geográfico do Município (Fallback)
2589591;-16.810023205462198;-49.26108402477992;CENTROIDE_IBGE;Centro Geográfico do Município (Fallback)
2590336;-24.20702866025705;-51.77091776782658;CENTROIDE_IBGE;Centro Geográfico do Município (Fallback)
2591693;-6.551463908363068;-35.426563978597045;CENTROIDE_IBGE;Centro Geográfico do Município (Fallback)
2591979;-6.949839701818452;-35.704290309202136;CENTROIDE_IBGE;Centro Geográfico do Município (Fallback)
2592878;-6.904939611569758;-35.253131752776476;CENTROIDE_IBGE;Centro Geográfico do Município (Fallback)
2595168;-26.032152743209735;-52.209367646207234;CENTROIDE_IBGE;Centro Geográfico do Município (Fallback)
2595214;-26.032152743209735;-52.209367646207234;CENTROIDE_IBGE;Centro Geográfico do Município (Fallback)
2598574;-15.021786327416237;-40.912377946556674;CENTROIDE_IBGE;Centro Geográfico do Município (Fallback)
2600749;-11.151231279757274;-42.11258817335073;CENTROIDE_IBGE;Centro Geográfico do Município (Fallback)
2601656;-13.460591185944539;-40.28179663322875;CENTROIDE_IBGE;Centro Geográfico do Município (Fallback)
2604159;-2.9550419477587755;-44.201923482980355;CENTROIDE_IBGE;Centro Geográfico do Município (Fallback)
2604647;-7.286168763355661;-37.755145317840544;CENTROIDE_IBGE;Centro Geográfico do Município (Fallback)
2604728;-7.201258338381614;-37.941354038065064;CENTROIDE_IBGE;Centro Geográfico do Município (Fallback)
2606836;-7.18424168235664;-35.257141155216225;CENTROIDE_IBGE;Centro Geográfico do Município (Fallback)
2606844;-7.18424168235664;-35.257141155216225;CENTROIDE_IBGE;Centro Geográfico do Município (Fallback)
2606992;-7.059244977312016;-35.602586024902934;CENTROIDE_IBGE;Centro Geográfico do Município (Fallback)
2607964;-6.861981501170226;-35.35313433410315;CENTROIDE_IBGE;Centro Geográfico do Município (Fallback)
2608200;-6.705261879592323;-35.4988093205698;CENTROIDE_IBGE;Centro Geográfico do Município (Fallback)
2609002;-6.740285384185573;-35.42516893562085;CENTROIDE_IBGE;Centro Geográfico do Município (Fallback)
2613972;-2.254429479804657;-44.85946146293601;CENTROIDE_IBGE;Centro Geográfico do Município (Fallback)
2614073;-6.056134298118732;-44.18262053633324;CENTROIDE_IBGE;Centro Geográfico do Município (Fallback)
2615541;-1.375029456300014;-47.52114764518489;CENTROIDE_IBGE;Centro Geográfico do Município (Fallback)
2615932;-8.458975311422044;-51.22041417040035;CENTROIDE_IBGE;Centro Geográfico do Município (Fallback)
2616084;-2.2778226862470565;-49.90222042936054;CENTROIDE_IBGE;Centro Geográfico do Município (Fallback)
2616122;-4.170487500100251;-51.774713486790205;CENTROIDE_IBGE;Centro Geográfico do Município (Fallback)
2619857;-1.14958742100939;-51.55409952242654;CENTROIDE_IBGE;Centro Geográfico do Município (Fallback)
2619954;0.2852640624508325;-53.89447700470648;CENTROIDE_IBGE;Centro Geográfico do Município (Fallback)
2620316;-26.184746714390847;-51.924638349006024;CENTROIDE_IBGE;Centro Geográfico do Município (Fallback)
2621665;-2.6791187024119223;-55.2392215431726;CENTROIDE_IBGE;Centro Geográfico do Município (Fallback)
2621754;-2.6791187024119223;-55.2392215431726;CENTROIDE_IBGE;Centro Geográfico do Município (Fallback)
2621991;-2.6791187024119223;-55.2392215431726;CENTROIDE_IBGE;Centro Geográfico do Município (Fallback)
2622688;-5.734265308275373;-48.43122904723297;CENTROIDE_IBGE;Centro Geográfico do Município (Fallback)
2626837;-11.803954915243972;-38.403148446879946;CENTROIDE_IBGE;Centro Geográfico do Município (Fallback)
2626861;-11.82805044077912;-37.676854223003126;CENTROIDE_IBGE;Centro Geográfico do Município (Fallback)
2627698;-18.967133755564912;-40.330861221949526;CENTROIDE_IBGE;Centro Geográfico do Município (Fallback)
2627809;-18.665039494283036;-40.83115417740622;CENTROIDE_IBGE;Centro Geográfico do Município (Fallback)
2630427;-8.494220842337423;-35.7062686385587;CENTROIDE_IBGE;Centro Geográfico do Município (Fallback)
2631113;-8.387418725913182;-36.73595843910109;CENTROIDE_IBGE;Centro Geográfico do Município (Fallback)
2631288;-8.453608323156308;-35.84382097016617;CENTROIDE_IBGE;Centro Geográfico do Município (Fallback)
2632691;-8.804581981320872;-36.66013103903191;CENTROIDE_IBGE;Centro Geográfico do Município (Fallback)
2634449;-8.583828089305465;-38.982450256949946;CENTROIDE_IBGE;Centro Geográfico do Município (Fallback)
2634570;-8.128283116684504;-39.08948234277353;CENTROIDE_IBGE;Centro Geográfico do Município (Fallback)
2635003;-8.62050498594847;-41.00663640001746;CENTROIDE_IBGE;Centro Geográfico do Município (Fallback)
2636484;-7.705804703086474;-35.5983187775101;CENTROIDE_IBGE;Centro Geográfico do Município (Fallback)
2643790;-3.159570902716948;-44.33053678864319;CENTROIDE_IBGE;Centro Geográfico do Município (Fallback)
2644045;-2.9738521757459324;-43.7767867156018;CENTROIDE_IBGE;Centro Geográfico do Município (Fallback)
2644053;-2.4174673707517575;-45.36995147907721;CENTROIDE_IBGE;Centro Geográfico do Município (Fallback)
2644088;-2.4174673707517575;-45.36995147907721;CENTROIDE_IBGE;Centro Geográfico do Município (Fallback)
2644312;-3.3920026068274582;-45.05358526779824;CENTROIDE_IBGE;Centro Geográfico do Município (Fallback)
2644444;-2.319741567522665;-45.77300394760022;CENTROIDE_IBGE;Centro Geográfico do Município (Fallback)
2644460;-2.319741567522665;-45.77300394760022;CENTROIDE_IBGE;Centro Geográfico do Município (Fallback)
2645181;-1.9185769097043275;-46.11757058578689;CENTROIDE_IBGE;Centro Geográfico do Município (Fallback)
2646285;-5.719301866111864;-47.32529905744723;CENTROIDE_IBGE;Centro Geográfico do Município (Fallback)
2646889;-19.447507158396263;-54.96182653683775;CENTROIDE_IBGE;Centro Geográfico do Município (Fallback)
2649969;-12.552067400492822;-41.554245302504704;CENTROIDE_IBGE;Centro Geográfico do Município (Fallback)
2651165;-5.8828663986700835;-42.955382131477556;CENTROIDE_IBGE;Centro Geográfico do Município (Fallback)
2652536;-1.0741032085171993;-54.35372679013066;CENTROIDE_IBGE;Centro Geográfico do Município (Fallback)
2652609;-1.0741032085171993;-54.35372679013066;CENTROIDE_IBGE;Centro Geográfico do Município (Fallback)
2658577;-10.146120515853193;-37.00222598232927;CENTROIDE_IBGE;Centro Geográfico do Município (Fallback)
2658895;-10.544459728262327;-48.49715123018996;CENTROIDE_IBGE;Centro Geográfico do Município (Fallback)
2659085;-20.71848118471623;-40.68448581738187;CENTROIDE_IBGE;Centro Geográfico do Município (Fallback)
2659905;-16.306852473539504;-49.516500646011906;CENTROIDE_IBGE;Centro Geográfico do Município (Fallback)
2659913;-16.306852473539504;-49.516500646011906;CENTROIDE_IBGE;Centro Geográfico do Município (Fallback)
2669080;-7.648758206264902;-41.649285993720035;CENTROIDE_IBGE;Centro Geográfico do Município (Fallback)
2676303;-1.0417788058479016;-46.9393696461427;CENTROIDE_IBGE;Centro Geográfico do Município (Fallback)
2676842;-23.342157062975996;-54.117700991174615;CENTROIDE_IBGE;Centro Geográfico do Município (Fallback)
2677466;-2.577036906517258;-49.46917409940126;CENTROIDE_IBGE;Centro Geográfico do Município (Fallback)
2677474;-2.577036906517258;-49.46917409940126;CENTROIDE_IBGE;Centro Geográfico do Município (Fallback)
2677660;-1.8634724917736327;-49.46868336620269;CENTROIDE_IBGE;Centro Geográfico do Município (Fallback)
2678691;-1.1935063207909629;-46.762901713449246;CENTROIDE_IBGE;Centro Geográfico do Município (Fallback)
2678888;-20.427506157926345;-41.4348471431481;CENTROIDE_IBGE;Centro Geográfico do Município (Fallback)
2681021;-25.30472318223276;-48.72070154937693;CENTROIDE_IBGE;Centro Geográfico do Município (Fallback)
2684187;-24.091754118295054;-49.976122806809656;CENTROIDE_IBGE;Centro Geográfico do Município (Fallback)
2684209;-24.091754118295054;-49.976122806809656;CENTROIDE_IBGE;Centro Geográfico do Município (Fallback)
2684349;-25.66786925557722;-50.28912622641979;CENTROIDE_IBGE;Centro Geográfico do Município (Fallback)
2687437;-24.091754118295054;-49.976122806809656;CENTROIDE_IBGE;Centro Geográfico do Município (Fallback)
2690624;-28.482051986823812;-49.208149420043604;CENTROIDE_IBGE;Centro Geográfico do Município (Fallback)
2690659;-27.28635376380456;-51.679396302676594;CENTROIDE_IBGE;Centro Geográfico do Município (Fallback)
2694956;-7.239385620800473;-52.25293603858815;CENTROIDE_IBGE;Centro Geográfico do Município (Fallback)
2694999;-7.239385620800473;-52.25293603858815;CENTROIDE_IBGE;Centro Geográfico do Município (Fallback)
2696576;-23.149286764178974;-44.708769011663314;CENTROIDE_IBGE;Centro Geográfico do Município (Fallback)
2696592;-23.149286764178974;-44.708769011663314;CENTROIDE_IBGE;Centro Geográfico do Município (Fallback)
2696703;-22.199322454004374;-42.37317763975066;CENTROIDE_IBGE;Centro Geográfico do Município (Fallback)
2697319;-2.6851851502453137;-49.074745554240266;CENTROIDE_IBGE;Centro Geográfico do Município (Fallback)
2700468;-32.410163115819664;-53.336207639683025;CENTROIDE_IBGE;Centro Geográfico do Município (Fallback)
2702541;-23.37818785194999;-45.02537882022318;CENTROIDE_IBGE;Centro Geográfico do Município (Fallback)
2706555;-20.59549655633674;-42.71924932824215;CENTROIDE_IBGE;Centro Geográfico do Município (Fallback)
2708094;-3.9885529054156392;-58.60057694706388;CENTROIDE_IBGE;Centro Geográfico do Município (Fallback)
2713209;-8.011788594200423;-35.54355961721453;CENTROIDE_IBGE;Centro Geográfico do Município (Fallback)
2713268;-7.450953357771735;-35.132905906756434;CENTROIDE_IBGE;Centro Geográfico do Município (Fallback)
2713535;-8.834532610056378;-36.02710575669109;CENTROIDE_IBGE;Centro Geográfico do Município (Fallback)
2714159;-9.077089227056867;-36.6315838330657;CENTROIDE_IBGE;Centro Geográfico do Município (Fallback)
2714884;-7.584141188282585;-37.64727808292218;CENTROIDE_IBGE;Centro Geográfico do Município (Fallback)
2719134;-8.939732670393816;-35.75967046902292;CENTROIDE_IBGE;Centro Geográfico do Município (Fallback)
2719142;-8.939732670393816;-35.75967046902292;CENTROIDE_IBGE;Centro Geográfico do Município (Fallback)
2719150;-8.939732670393816;-35.75967046902292;CENTROIDE_IBGE;Centro Geográfico do Município (Fallback)
2719169;-8.939732670393816;-35.75967046902292;CENTROIDE_IBGE;Centro Geográfico do Município (Fallback)
2719177;-8.939732670393816;-35.75967046902292;CENTROIDE_IBGE;Centro Geográfico do Município (Fallback)
2720558;-9.816132336317324;-37.18798544957956;CENTROIDE_IBGE;Centro Geográfico do Município (Fallback)
2720566;-9.65786339078827;-36.99255738610343;CENTROIDE_IBGE;Centro Geográfico do Município (Fallback)
2721252;-9.963050935421542;-36.55248346167685;CENTROIDE_IBGE;Centro Geográfico do Município (Fallback)
2721325;-9.963050935421542;-36.55248346167685;CENTROIDE_IBGE;Centro Geográfico do Município (Fallback)
2723263;-5.4965863043148175;-39.847069104840635;CENTROIDE_IBGE;Centro Geográfico do Município (Fallback)
2724839;-3.7336432201066616;-39.575101324849065;CENTROIDE_IBGE;Centro Geográfico do Município (Fallback)
2725010;-4.9750679275635346;-38.55913596532398;CENTROIDE_IBGE;Centro Geográfico do Município (Fallback)
2725088;-5.639097942997026;-39.16841772200634;CENTROIDE_IBGE;Centro Geográfico do Município (Fallback)
2725924;-4.340111030806927;-40.04288300286094;CENTROIDE_IBGE;Centro Geográfico do Município (Fallback)
2730294;-22.85856711499295;-51.07325273747547;CENTROIDE_IBGE;Centro Geográfico do Município (Fallback)
2731703;-22.913747511591037;-51.79732916592307;CENTROIDE_IBGE;Centro Geográfico do Município (Fallback)
2739135;-25.737730719026768;-53.7092110983824;CENTROIDE_IBGE;Centro Geográfico do Município (Fallback)
2739151;-26.165286493583977;-52.37374958490326;CENTROIDE_IBGE;Centro Geográfico do Município (Fallback)
2739224;-23.941207785784858;-53.560534020168745;CENTROIDE_IBGE;Centro Geográfico do Município (Fallback)
2739348;-25.99151696833412;-52.5640689684477;CENTROIDE_IBGE;Centro Geográfico do Município (Fallback)
2739550;-26.165286493583977;-52.37374958490326;CENTROIDE_IBGE;Centro Geográfico do Município (Fallback)
2739631;-23.372516764677687;-53.5866115180432;CENTROIDE_IBGE;Centro Geográfico do Município (Fallback)
2739666;-25.737730719026768;-53.7092110983824;CENTROIDE_IBGE;Centro Geográfico do Município (Fallback)
2739798;-26.345144883758337;-52.355795786114335;CENTROIDE_IBGE;Centro Geográfico do Município (Fallback)
2740869;-24.658361269144766;-50.467969852476365;CENTROIDE_IBGE;Centro Geográfico do Município (Fallback)
2742616;-25.78519272921296;-51.63328831749032;CENTROIDE_IBGE;Centro Geográfico do Município (Fallback)
2743272;-25.01219108462478;-51.4795375279716;CENTROIDE_IBGE;Centro Geográfico do Município (Fallback)
2744104;-9.64517415048375;-62.79214169251039;CENTROIDE_IBGE;Centro Geográfico do Município (Fallback)
2744333;-9.64517415048375;-62.79214169251039;CENTROIDE_IBGE;Centro Geográfico do Município (Fallback)
2746085;-20.207060150163382;-47.43926550651282;CENTROIDE_IBGE;Centro Geográfico do Município (Fallback)
2747642;-21.513157068404936;-48.16994891422019;CENTROIDE_IBGE;Centro Geográfico do Município (Fallback)
2747936;-23.481023747206752;-45.64301029797327;CENTROIDE_IBGE;Centro Geográfico do Município (Fallback)
2750449;-22.36164313088665;-51.42807862166797;CENTROIDE_IBGE;Centro Geográfico do Município (Fallback)
2750953;-21.915547354183367;-52.17728071335932;CENTROIDE_IBGE;Centro Geográfico do Município (Fallback)
2751054;-21.915547354183367;-52.17728071335932;CENTROIDE_IBGE;Centro Geográfico do Município (Fallback)
2751402;-21.915547354183367;-52.17728071335932;CENTROIDE_IBGE;Centro Geográfico do Município (Fallback)
2754177;-22.835244147563426;-53.310322016853945;CENTROIDE_IBGE;Centro Geográfico do Município (Fallback)
2758652;-21.55547669812817;-45.4120431250126;CENTROIDE_IBGE;Centro Geográfico do Município (Fallback)
2767635;-15.590527272341802;-55.81932821863121;CENTROIDE_IBGE;Centro Geográfico do Município (Fallback)
2769492;-16.703677830273612;-49.106248867368954;CENTROIDE_IBGE;Centro Geográfico do Município (Fallback)
2778173;-7.505138123421939;-43.13371036571928;CENTROIDE_IBGE;Centro Geográfico do Município (Fallback)
2783118;-24.595247463346066;-50.95568518827494;CENTROIDE_IBGE;Centro Geográfico do Município (Fallback)
2783444;-23.33030529919378;-53.13455076380593;CENTROIDE_IBGE;Centro Geográfico do Município (Fallback)
2783525;-24.190854822027923;-54.23212511690603;CENTROIDE_IBGE;Centro Geográfico do Município (Fallback)
2793164;-29.54717497611161;-51.484872960479144;CENTROIDE_IBGE;Centro Geográfico do Município (Fallback)
2794934;-21.733210971411115;-44.96506204062536;CENTROIDE_IBGE;Centro Geográfico do Município (Fallback)
2795892;-12.738198687719589;-55.680455463860575;CENTROIDE_IBGE;Centro Geográfico do Município (Fallback)
2798085;-5.787303885306434;-35.36617894528357;CENTROIDE_IBGE;Centro Geográfico do Município (Fallback)
2798417;3.0726806641015827;-62.74117645817275;CENTROIDE_IBGE;Centro Geográfico do Município (Fallback)
2799383;-13.960981508132106;-39.866577274126314;CENTROIDE_IBGE;Centro Geográfico do Município (Fallback)
2801418;-14.204081476951044;-42.81911467081862;CENTROIDE_IBGE;Centro Geográfico do Município (Fallback)
2803283;-12.14681651191996;-64.05889443465418;CENTROIDE_IBGE;Centro Geográfico do Município (Fallback)
2803410;-9.170539799627145;-62.565892274434816;CENTROIDE_IBGE;Centro Geográfico do Município (Fallback)
2812932;-6.739056564030135;-38.22484600264975;CENTROIDE_IBGE;Centro Geográfico do Município (Fallback)
2813246;-6.739056564030135;-38.22484600264975;CENTROIDE_IBGE;Centro Geográfico do Município (Fallback)
2821230;-18.665039494283036;-40.83115417740622;CENTROIDE_IBGE;Centro Geográfico do Município (Fallback)
2821389;-2.14845850153964;-44.6659017424251;CENTROIDE_IBGE;Centro Geográfico do Município (Fallback)
2822326;-25.41935691060698;-49.15578904566925;CENTROIDE_IBGE;Centro Geográfico do Município (Fallback)
2823284;-11.057487997855214;-39.752056573515624;CENTROIDE_IBGE;Centro Geográfico do Município (Fallback)
2834278;-30.92364390371593;-51.788446984556195;CENTROIDE_IBGE;Centro Geográfico do Município (Fallback)
2834669;-25.775420432208662;-52.79581066541916;CENTROIDE_IBGE;Centro Geográfico do Município (Fallback)
2846926;-0.465012922524093;-63.43472338097054;CENTROIDE_IBGE;Centro Geográfico do Município (Fallback)
2854856;-29.577673054325167;-52.19516604071893;CENTROIDE_IBGE;Centro Geográfico do Município (Fallback)
2856239;-7.339991898225738;-49.89448917745472;CENTROIDE_IBGE;Centro Geográfico do Município (Fallback)
2862735;-6.8178064167850385;-46.70980900096428;CENTROIDE_IBGE;Centro Geográfico do Município (Fallback)
2863294;-20.96328894862173;-41.184768174275746;CENTROIDE_IBGE;Centro Geográfico do Município (Fallback)
2869497;-7.7482796790411825;-34.9060318417373;CENTROIDE_IBGE;Centro Geográfico do Município (Fallback)
2874695;-18.687319626010705;-41.080785389770654;CENTROIDE_IBGE;Centro Geográfico do Município (Fallback)
2875322;-10.48641603785673;-40.11494755051539;CENTROIDE_IBGE;Centro Geográfico do Município (Fallback)
2887436;-1.43308736823226;-49.68000666099802;CENTROIDE_IBGE;Centro Geográfico do Município (Fallback)
2887533;-15.341125212507656;-49.53136743029095;CENTROIDE_IBGE;Centro Geográfico do Município (Fallback)
2888912;-15.276884266360598;-49.6372582685618;CENTROIDE_IBGE;Centro Geográfico do Município (Fallback)
2889471;-28.595414354353746;-51.96660670414164;CENTROIDE_IBGE;Centro Geográfico do Município (Fallback)
2907879;-10.748427971511743;-48.017180577319806;CENTROIDE_IBGE;Centro Geográfico do Município (Fallback)
2907933;-22.504492334041856;-43.63231391257062;CENTROIDE_IBGE;Centro Geográfico do Município (Fallback)
2912503;-16.703677830273612;-49.106248867368954;CENTROIDE_IBGE;Centro Geográfico do Município (Fallback)
2913313;-27.379246933554647;-48.57871594357497;CENTROIDE_IBGE;Centro Geográfico do Município (Fallback)
2913860;-19.74203901235189;-43.83433236681041;CENTROIDE_IBGE;Centro Geográfico do Município (Fallback)
2915448;-27.94093101189988;-52.89422506914723;CENTROIDE_IBGE;Centro Geográfico do Município (Fallback)
2921774;-9.543877268856974;-36.680404487623974;CENTROIDE_IBGE;Centro Geográfico do Município (Fallback)
2929902;-8.430174873797155;-35.53020012377429;CENTROIDE_IBGE;Centro Geográfico do Município (Fallback)
2937824;-11.45534578943649;-51.96768189444377;CENTROIDE_IBGE;Centro Geográfico do Município (Fallback)
2939193;-6.135575290151745;-38.3079049750618;CENTROIDE_IBGE;Centro Geográfico do Município (Fallback)
2939797;-26.898417073103285;-53.041459671864345;CENTROIDE_IBGE;Centro Geográfico do Município (Fallback)
2944499;-22.07910383632638;-45.664947487866634;CENTROIDE_IBGE;Centro Geográfico do Município (Fallback)
2947110;-8.239926188067207;-71.44497642884238;CENTROIDE_IBGE;Centro Geográfico do Município (Fallback)
2960982;-11.894312170820854;-60.83028291423429;CENTROIDE_IBGE;Centro Geográfico do Município (Fallback)
2961032;-11.894312170820854;-60.83028291423429;CENTROIDE_IBGE;Centro Geográfico do Município (Fallback)
2963485;-8.993646556237389;-36.74013255632051;CENTROIDE_IBGE;Centro Geográfico do Município (Fallback)
2987457;-15.935488028297184;-39.17642171182299;CENTROIDE_IBGE;Centro Geográfico do Município (Fallback)
2987740;-7.905936584313612;-35.15428386933288;CENTROIDE_IBGE;Centro Geográfico do Município (Fallback)
2994712;-24.004369093947687;-51.28533047450341;CENTROIDE_IBGE;Centro Geográfico do Município (Fallback)
3001369;-8.928462648572722;-36.501131206829605;CENTROIDE_IBGE;Centro Geográfico do Município (Fallback)
3005143;-16.12342259665881;-47.8176389820477;CENTROIDE_IBGE;Centro Geográfico do Município (Fallback)
3011658;-1.3575631969043083;-49.30784404212501;CENTROIDE_IBGE;Centro Geográfico do Município (Fallback)
3014444;-6.366966654452525;-37.99194499101921;CENTROIDE_IBGE;Centro Geográfico do Município (Fallback)
3018954;-10.863759061231217;-37.14557879916997;CENTROIDE_IBGE;Centro Geográfico do Município (Fallback)
3028569;-27.312421215218095;-49.8103120259382;CENTROIDE_IBGE;Centro Geográfico do Município (Fallback)
3030229;-11.377104421535465;-39.451513223602454;CENTROIDE_IBGE;Centro Geográfico do Município (Fallback)
3035476;-6.442283754686756;-38.165286186704854;CENTROIDE_IBGE;Centro Geográfico do Município (Fallback)
3035484;-6.442283754686756;-38.165286186704854;CENTROIDE_IBGE;Centro Geográfico do Município (Fallback)
3045927;-20.838760724605333;-40.771277016296224;CENTROIDE_IBGE;Centro Geográfico do Município (Fallback)
3047288;-22.39610218956133;-48.340011174067264;CENTROIDE_IBGE;Centro Geográfico do Município (Fallback)
3060195;-22.914787973332047;-43.048239501201415;CENTROIDE_IBGE;Centro Geográfico do Município (Fallback)
3063070;-21.686361074243738;-45.20670642058158;CENTROIDE_IBGE;Centro Geográfico do Município (Fallback)
3068293;-15.590527272341802;-55.81932821863121;CENTROIDE_IBGE;Centro Geográfico do Município (Fallback)
3071081;-16.810023205462198;-49.26108402477992;CENTROIDE_IBGE;Centro Geográfico do Município (Fallback)
3074633;-7.702275757686657;-35.50066311795019;CENTROIDE_IBGE;Centro Geográfico do Município (Fallback)
3076164;-23.432570705853283;-47.074458004421324;CENTROIDE_IBGE;Centro Geográfico do Município (Fallback)
3107043;-21.58228553806139;-56.35365226595561;CENTROIDE_IBGE;Centro Geográfico do Município (Fallback)
3110095;-28.752150467424514;-49.27923648476595;CENTROIDE_IBGE;Centro Geográfico do Município (Fallback)
3150968;-6.876757926736443;-35.447630231876964;CENTROIDE_IBGE;Centro Geográfico do Município (Fallback)
3157687;-1.4990018476348725;-48.6342597243285;CENTROIDE_IBGE;Centro Geográfico do Município (Fallback)
3181626;-10.804926250798975;-37.187459769273914;CENTROIDE_IBGE;Centro Geográfico do Município (Fallback)
3186423;-10.013326491303296;-54.35682092037491;CENTROIDE_IBGE;Centro Geográfico do Município (Fallback)
3187993;-23.564187354538518;-49.93260852294735;CENTROIDE_IBGE;Centro Geográfico do Município (Fallback)
3197875;-27.413271996693048;-51.629966899295624;CENTROIDE_IBGE;Centro Geográfico do Município (Fallback)
3220729;-7.40492271018668;-35.64574126675882;CENTROIDE_IBGE;Centro Geográfico do Município (Fallback)
3262405;-13.877738581361005;-40.14643728098585;CENTROIDE_IBGE;Centro Geográfico do Município (Fallback)
3269809;-22.63401413239509;-43.29875570106716;CENTROIDE_IBGE;Centro Geográfico do Município (Fallback)
3285200;-11.753424736133129;-41.698677799273;CENTROIDE_IBGE;Centro Geográfico do Município (Fallback)
3286878;-12.865937487498588;-38.327220347577494;CENTROIDE_IBGE;Centro Geográfico do Município (Fallback)
3288404;-20.43437286883039;-40.378797603560926;CENTROIDE_IBGE;Centro Geográfico do Município (Fallback)
3300390;-17.183948655504544;-39.97013226149083;CENTROIDE_IBGE;Centro Geográfico do Município (Fallback)
3305198;-3.785587119084595;-38.52765634620116;CENTROIDE_IBGE;Centro Geográfico do Município (Fallback)
3315258;-20.84437436660794;-42.79544232129558;CENTROIDE_IBGE;Centro Geográfico do Município (Fallback)
3319539;-12.865937487498588;-38.327220347577494;CENTROIDE_IBGE;Centro Geográfico do Município (Fallback)
3323048;-10.84998666919089;-36.968483122927715;CENTROIDE_IBGE;Centro Geográfico do Município (Fallback)
3337413;-14.268402339732772;-39.423050360713006;CENTROIDE_IBGE;Centro Geográfico do Município (Fallback)
3354873;-11.870384844083256;-39.60873781326408;CENTROIDE_IBGE;Centro Geográfico do Município (Fallback)
3373479;-15.781609830540443;-47.796963417310145;CENTROIDE_IBGE;Centro Geográfico do Município (Fallback)
3381617;-22.504492334041856;-43.63231391257062;CENTROIDE_IBGE;Centro Geográfico do Município (Fallback)
3381625;-22.504492334041856;-43.63231391257062;CENTROIDE_IBGE;Centro Geográfico do Município (Fallback)
3383571;-13.555831703663888;-42.536873353057516;CENTROIDE_IBGE;Centro Geográfico do Município (Fallback)
3394395;-18.991494253371524;-49.54593294106029;CENTROIDE_IBGE;Centro Geográfico do Município (Fallback)
3415023;0.5629861352531077;-50.691863626993;CENTROIDE_IBGE;Centro Geográfico do Município (Fallback)
3418103;-29.065018127261855;-55.77890457094339;CENTROIDE_IBGE;Centro Geográfico do Município (Fallback)
3426769;-8.093490799882193;-47.480460221810695;CENTROIDE_IBGE;Centro Geográfico do Município (Fallback)
3438791;-15.935488028297184;-39.17642171182299;CENTROIDE_IBGE;Centro Geográfico do Município (Fallback)
3449408;-10.281116076028004;-37.937603295459176;CENTROIDE_IBGE;Centro Geográfico do Município (Fallback)
3449416;-10.281116076028004;-37.937603295459176;CENTROIDE_IBGE;Centro Geográfico do Município (Fallback)
3473910;-12.282952263197982;-42.735441798775355;CENTROIDE_IBGE;Centro Geográfico do Município (Fallback)
3473929;-12.282952263197982;-42.735441798775355;CENTROIDE_IBGE;Centro Geográfico do Município (Fallback)
3494314;-12.892460631050916;-38.656479706017905;CENTROIDE_IBGE;Centro Geográfico do Município (Fallback)
3498204;-14.559500696663944;-41.984084305793054;CENTROIDE_IBGE;Centro Geográfico do Município (Fallback)
3509915;-21.915547354183367;-52.17728071335932;CENTROIDE_IBGE;Centro Geográfico do Município (Fallback)
3514021;-19.459546116709262;-42.68998093933194;CENTROIDE_IBGE;Centro Geográfico do Município (Fallback)
3519856;-4.6076334395558725;-43.885975165192164;CENTROIDE_IBGE;Centro Geográfico do Município (Fallback)
3539709;-7.506673432957138;-38.52746107186557;CENTROIDE_IBGE;Centro Geográfico do Município (Fallback)
3545083;-7.890283717577192;-35.755712604160856;CENTROIDE_IBGE;Centro Geográfico do Município (Fallback)
3546284;-15.781609830540443;-47.796963417310145;CENTROIDE_IBGE;Centro Geográfico do Município (Fallback)
3551733;-10.727252738598281;-39.47327824095533;CENTROIDE_IBGE;Centro Geográfico do Município (Fallback)
3553124;-27.379246933554647;-48.57871594357497;CENTROIDE_IBGE;Centro Geográfico do Município (Fallback)
3577104;-25.850677264851836;-53.75705572383407;CENTROIDE_IBGE;Centro Geográfico do Município (Fallback)
3582531;-3.1324661063225205;-57.17204858610806;CENTROIDE_IBGE;Centro Geográfico do Município (Fallback)
3586146;-10.146120515853193;-37.00222598232927;CENTROIDE_IBGE;Centro Geográfico do Município (Fallback)
3589188;-5.719301866111864;-47.32529905744723;CENTROIDE_IBGE;Centro Geográfico do Município (Fallback)
3591018;-9.096926624212648;-72.55977736964272;CENTROIDE_IBGE;Centro Geográfico do Município (Fallback)
3609626;-12.679060991221569;-38.481889176846515;CENTROIDE_IBGE;Centro Geográfico do Município (Fallback)
3610829;-22.914787973332047;-43.048239501201415;CENTROIDE_IBGE;Centro Geográfico do Município (Fallback)
3620212;-2.812200991624857;-57.76944879531528;CENTROIDE_IBGE;Centro Geográfico do Município (Fallback)
3627659;-11.59681265637191;-37.59460128531342;CENTROIDE_IBGE;Centro Geográfico do Município (Fallback)
3631079;-4.948108415185753;-37.20873405748733;CENTROIDE_IBGE;Centro Geográfico do Município (Fallback)
3639851;-23.298221303253943;-45.990831959417136;CENTROIDE_IBGE;Centro Geográfico do Município (Fallback)
3650030;-9.420164066241469;-36.60620234328066;CENTROIDE_IBGE;Centro Geográfico do Município (Fallback)
3663957;-1.1417252925943682;-47.117732788767796;CENTROIDE_IBGE;Centro Geográfico do Município (Fallback)
3667650;-22.914787973332047;-43.048239501201415;CENTROIDE_IBGE;Centro Geográfico do Município (Fallback)
3668797;-6.185403618690391;-42.193211286470536;CENTROIDE_IBGE;Centro Geográfico do Município (Fallback)
3668975;-25.224906768683013;-52.57424794921526;CENTROIDE_IBGE;Centro Geográfico do Município (Fallback)
3677400;-22.722358812248483;-47.285964548825255;CENTROIDE_IBGE;Centro Geográfico do Município (Fallback)
3700534;-18.783015930463385;-41.96412243322764;CENTROIDE_IBGE;Centro Geográfico do Município (Fallback)
3702650;-5.884763624309599;-39.26657977314868;CENTROIDE_IBGE;Centro Geográfico do Município (Fallback)
3720012;-12.673367975707531;-38.99782604921238;CENTROIDE_IBGE;Centro Geográfico do Município (Fallback)
3733572;-18.783015930463385;-41.96412243322764;CENTROIDE_IBGE;Centro Geográfico do Município (Fallback)
3735699;-18.783015930463385;-41.96412243322764;CENTROIDE_IBGE;Centro Geográfico do Município (Fallback)
3735745;-18.783015930463385;-41.96412243322764;CENTROIDE_IBGE;Centro Geográfico do Município (Fallback)
3761835;-22.6022286098576;-50.421513186522624;CENTROIDE_IBGE;Centro Geográfico do Município (Fallback)
3794962;-9.35819907923751;-37.211081636933734;CENTROIDE_IBGE;Centro Geográfico do Município (Fallback)
3823164;-15.004801425755831;-41.71691679550007;CENTROIDE_IBGE;Centro Geográfico do Município (Fallback)
3825051;-27.598573004798013;-50.65059235103137;CENTROIDE_IBGE;Centro Geográfico do Município (Fallback)
3830640;-19.34474459714477;-42.24268932177706;CENTROIDE_IBGE;Centro Geográfico do Município (Fallback)
3830926;-10.863759061231217;-37.14557879916997;CENTROIDE_IBGE;Centro Geográfico do Município (Fallback)
3856623;-11.571892918717877;-42.182694134808;CENTROIDE_IBGE;Centro Geográfico do Município (Fallback)
3868591;-14.053819035924974;-39.724238839250376;CENTROIDE_IBGE;Centro Geográfico do Município (Fallback)
3869377;-14.053819035924974;-39.724238839250376;CENTROIDE_IBGE;Centro Geográfico do Município (Fallback)
3874419;-22.914787973332047;-43.048239501201415;CENTROIDE_IBGE;Centro Geográfico do Município (Fallback)
3884147;-7.386861796702027;-35.77816532013059;CENTROIDE_IBGE;Centro Geográfico do Município (Fallback)
3891232;-14.268402339732772;-39.423050360713006;CENTROIDE_IBGE;Centro Geográfico do Município (Fallback)
3895696;-11.93974855810997;-38.98179618573454;CENTROIDE_IBGE;Centro Geográfico do Município (Fallback)
3904679;-27.00648568427172;-48.620318285837804;CENTROIDE_IBGE;Centro Geográfico do Município (Fallback)
3905772;-11.97412473663461;-38.86209868209774;CENTROIDE_IBGE;Centro Geográfico do Município (Fallback)
3911144;-11.031519851419283;-43.36600304429544;CENTROIDE_IBGE;Centro Geográfico do Município (Fallback)
3911187;-11.031519851419283;-43.36600304429544;CENTROIDE_IBGE;Centro Geográfico do Município (Fallback)
3928713;-17.532006160583553;-49.53792172137219;CENTROIDE_IBGE;Centro Geográfico do Município (Fallback)
3940748;-3.2858381640034224;-59.59970065951719;CENTROIDE_IBGE;Centro Geográfico do Município (Fallback)
3944999;-21.915547354183367;-52.17728071335932;CENTROIDE_IBGE;Centro Geográfico do Município (Fallback)
3945006;-21.915547354183367;-52.17728071335932;CENTROIDE_IBGE;Centro Geográfico do Município (Fallback)
3945065;-21.915547354183367;-52.17728071335932;CENTROIDE_IBGE;Centro Geográfico do Município (Fallback)
3955664;-23.379257898963257;-46.744148070021424;CENTROIDE_IBGE;Centro Geográfico do Município (Fallback)
3958094;-11.03536194627172;-50.16060839095663;CENTROIDE_IBGE;Centro Geográfico do Município (Fallback)
3961095;-16.703677830273612;-49.106248867368954;CENTROIDE_IBGE;Centro Geográfico do Município (Fallback)
3962032;-19.459546116709262;-42.68998093933194;CENTROIDE_IBGE;Centro Geográfico do Município (Fallback)
3968308;-10.747781963227968;-69.20560179446092;CENTROIDE_IBGE;Centro Geográfico do Município (Fallback)
3969371;-12.096450233533385;-39.37770723956294;CENTROIDE_IBGE;Centro Geográfico do Município (Fallback)
3979520;-13.660798374418691;-39.17477686366448;CENTROIDE_IBGE;Centro Geográfico do Município (Fallback)
3979539;-13.660798374418691;-39.17477686366448;CENTROIDE_IBGE;Centro Geográfico do Município (Fallback)
3990524;-21.915547354183367;-52.17728071335932;CENTROIDE_IBGE;Centro Geográfico do Município (Fallback)
4004353;-22.612200833914578;-43.11184938565985;CENTROIDE_IBGE;Centro Geográfico do Município (Fallback)
4005414;-1.7299841462512642;-48.88329503241532;CENTROIDE_IBGE;Centro Geográfico do Município (Fallback)
4012887;-6.286049710464681;-35.2152574377751;CENTROIDE_IBGE;Centro Geográfico do Município (Fallback)
4013298;-6.148226183445876;-36.13332678422158;CENTROIDE_IBGE;Centro Geográfico do Município (Fallback)
4014065;-6.248192567489028;-36.00697353460234;CENTROIDE_IBGE;Centro Geográfico do Município (Fallback)
4020723;-10.769290204315388;-37.49925078456618;CENTROIDE_IBGE;Centro Geográfico do Município (Fallback)
4020855;-10.804926250798975;-37.187459769273914;CENTROIDE_IBGE;Centro Geográfico do Município (Fallback)
4021118;-13.296561675755616;-41.74403949775485;CENTROIDE_IBGE;Centro Geográfico do Município (Fallback)
4021258;-14.091008693379544;-39.87852269845135;CENTROIDE_IBGE;Centro Geográfico do Município (Fallback)
4021606;-10.40831532056468;-38.29286934289299;CENTROIDE_IBGE;Centro Geográfico do Município (Fallback)
4021894;-18.783015930463385;-41.96412243322764;CENTROIDE_IBGE;Centro Geográfico do Município (Fallback)
4022483;-8.993646556237389;-36.74013255632051;CENTROIDE_IBGE;Centro Geográfico do Município (Fallback)
4024486;-11.107091411426087;-38.52422790147438;CENTROIDE_IBGE;Centro Geográfico do Município (Fallback)
4024702;-14.921012549530287;-42.050592960036234;CENTROIDE_IBGE;Centro Geográfico do Município (Fallback)
4026241;-11.731421994575102;-39.15117649309345;CENTROIDE_IBGE;Centro Geográfico do Município (Fallback)
4030540;-13.633087274871423;-43.05013782174972;CENTROIDE_IBGE;Centro Geográfico do Município (Fallback)
4031431;-11.93974855810997;-38.98179618573454;CENTROIDE_IBGE;Centro Geográfico do Município (Fallback)
4033108;-11.03499797263602;-38.81234823203085;CENTROIDE_IBGE;Centro Geográfico do Município (Fallback)
4035275;-18.687319626010705;-41.080785389770654;CENTROIDE_IBGE;Centro Geográfico do Município (Fallback)
4042611;-6.321356875184591;-38.525751692312035;CENTROIDE_IBGE;Centro Geográfico do Município (Fallback)
4044428;-20.71848118471623;-40.68448581738187;CENTROIDE_IBGE;Centro Geográfico do Município (Fallback)
4045947;-22.914787973332047;-43.048239501201415;CENTROIDE_IBGE;Centro Geográfico do Município (Fallback)
4051203;-24.42453801429182;-53.58425288328051;CENTROIDE_IBGE;Centro Geográfico do Município (Fallback)
4051289;-24.004369093947687;-51.28533047450341;CENTROIDE_IBGE;Centro Geográfico do Município (Fallback)
4057872;-3.9004763126604516;-46.417765351683606;CENTROIDE_IBGE;Centro Geográfico do Município (Fallback)
4067118;-22.817877562128285;-49.107754470064734;CENTROIDE_IBGE;Centro Geográfico do Município (Fallback)
4070097;-18.687319626010705;-41.080785389770654;CENTROIDE_IBGE;Centro Geográfico do Município (Fallback)
4076699;-19.949509761370727;-44.19979308162419;CENTROIDE_IBGE;Centro Geográfico do Município (Fallback)
4083695;-16.810023205462198;-49.26108402477992;CENTROIDE_IBGE;Centro Geográfico do Município (Fallback)
4099818;-8.222660283291148;-36.71101831284065;CENTROIDE_IBGE;Centro Geográfico do Município (Fallback)
4101812;-23.95724395861311;-49.670231952515046;CENTROIDE_IBGE;Centro Geográfico do Município (Fallback)
4104188;-7.18424168235664;-35.257141155216225;CENTROIDE_IBGE;Centro Geográfico do Município (Fallback)
4104870;-8.437837401008801;-35.08741552757398;CENTROIDE_IBGE;Centro Geográfico do Município (Fallback)
4116828;-9.981578386805047;-38.49945970863267;CENTROIDE_IBGE;Centro Geográfico do Município (Fallback)
4125835;-21.915547354183367;-52.17728071335932;CENTROIDE_IBGE;Centro Geográfico do Município (Fallback)
4129792;-15.284730842350829;-47.75015313848815;CENTROIDE_IBGE;Centro Geográfico do Município (Fallback)
4136128;-15.446374451482756;-39.517980166919024;CENTROIDE_IBGE;Centro Geográfico do Município (Fallback)
4161564;-6.366966654452525;-37.99194499101921;CENTROIDE_IBGE;Centro Geográfico do Município (Fallback)
4170121;-16.810023205462198;-49.26108402477992;CENTROIDE_IBGE;Centro Geográfico do Município (Fallback)
4170164;-22.94893196495616;-53.0720484159658;CENTROIDE_IBGE;Centro Geográfico do Município (Fallback)
4172175;-21.732582246028816;-45.47847183777152;CENTROIDE_IBGE;Centro Geográfico do Município (Fallback)
4181980;-4.432396225006536;-42.33296738045948;CENTROIDE_IBGE;Centro Geográfico do Município (Fallback)
4191323;-21.915547354183367;-52.17728071335932;CENTROIDE_IBGE;Centro Geográfico do Município (Fallback)
4191730;-22.722358812248483;-47.285964548825255;CENTROIDE_IBGE;Centro Geográfico do Município (Fallback)
4192583;-16.810023205462198;-49.26108402477992;CENTROIDE_IBGE;Centro Geográfico do Município (Fallback)
4202392;-14.806134752867976;-53.670999604355806;CENTROIDE_IBGE;Centro Geográfico do Município (Fallback)
4206207;-22.486095463553756;-47.17729106513833;CENTROIDE_IBGE;Centro Geográfico do Município (Fallback)
4207025;-8.376819769233668;-65.8123655918361;CENTROIDE_IBGE;Centro Geográfico do Município (Fallback)
4214188;-13.507255202495287;-38.98404818241627;CENTROIDE_IBGE;Centro Geográfico do Município (Fallback)
4227743;-20.089567981337158;-41.124619810943656;CENTROIDE_IBGE;Centro Geográfico do Município (Fallback)
4228073;-5.033718608474524;-38.43205877603275;CENTROIDE_IBGE;Centro Geográfico do Município (Fallback)
4240103;-6.824331294594993;-38.63037194773038;CENTROIDE_IBGE;Centro Geográfico do Município (Fallback)
4240448;-13.810730361700688;-41.99196944870623;CENTROIDE_IBGE;Centro Geográfico do Município (Fallback)
4245636;-3.0918354346036616;-44.07809201341296;CENTROIDE_IBGE;Centro Geográfico do Município (Fallback)
4252462;-26.361162958893537;-49.06492999201197;CENTROIDE_IBGE;Centro Geográfico do Município (Fallback)
4253353;-27.643932338951736;-52.25749817136796;CENTROIDE_IBGE;Centro Geográfico do Município (Fallback)
4253930;-5.132493151017174;-48.36995439938689;CENTROIDE_IBGE;Centro Geográfico do Município (Fallback)
4258975;-6.442283754686756;-38.165286186704854;CENTROIDE_IBGE;Centro Geográfico do Município (Fallback)
4272609;-29.700090515931308;-51.24774234286514;CENTROIDE_IBGE;Centro Geográfico do Município (Fallback)
4272927;-10.65487949455026;-36.80481337850228;CENTROIDE_IBGE;Centro Geográfico do Município (Fallback)
4278615;-22.504492334041856;-43.63231391257062;CENTROIDE_IBGE;Centro Geográfico do Município (Fallback)
4289404;-22.661970421557335;-51.96652851003778;CENTROIDE_IBGE;Centro Geográfico do Município (Fallback)
4294432;-9.417729036754944;-48.68393684507416;CENTROIDE_IBGE;Centro Geográfico do Município (Fallback)
4298195;-7.688333084689771;-37.26465438353917;CENTROIDE_IBGE;Centro Geográfico do Município (Fallback)
4313801;-5.840782584074209;-46.0146088510965;CENTROIDE_IBGE;Centro Geográfico do Município (Fallback)
4316061;-4.170487500100251;-51.774713486790205;CENTROIDE_IBGE;Centro Geográfico do Município (Fallback)
4317300;-22.688877107653227;-47.011553969426124;CENTROIDE_IBGE;Centro Geográfico do Município (Fallback)
4317432;-26.242391880162053;-48.954330991483346;CENTROIDE_IBGE;Centro Geográfico do Município (Fallback)
4328078;-7.688333084689771;-37.26465438353917;CENTROIDE_IBGE;Centro Geográfico do Município (Fallback)
4328159;-21.915547354183367;-52.17728071335932;CENTROIDE_IBGE;Centro Geográfico do Município (Fallback)
4331494;-5.698783302344973;-36.18185617663072;CENTROIDE_IBGE;Centro Geográfico do Município (Fallback)
4335104;-7.797833434786521;-36.64581899404989;CENTROIDE_IBGE;Centro Geográfico do Município (Fallback)
4336658;-20.41201987826045;-42.91585031982038;CENTROIDE_IBGE;Centro Geográfico do Município (Fallback)
4346068;-20.43437286883039;-40.378797603560926;CENTROIDE_IBGE;Centro Geográfico do Município (Fallback)
4347544;-7.429120296494559;-34.84243250703125;CENTROIDE_IBGE;Centro Geográfico do Município (Fallback)
4359895;-13.660798374418691;-39.17477686366448;CENTROIDE_IBGE;Centro Geográfico do Município (Fallback)
4412516;-22.914787973332047;-43.048239501201415;CENTROIDE_IBGE;Centro Geográfico do Município (Fallback)
4422694;-21.915547354183367;-52.17728071335932;CENTROIDE_IBGE;Centro Geográfico do Município (Fallback)
4423887;-21.67906740765115;-42.36548029891629;CENTROIDE_IBGE;Centro Geográfico do Município (Fallback)
4427793;-15.341125212507656;-49.53136743029095;CENTROIDE_IBGE;Centro Geográfico do Município (Fallback)
4436814;-22.504492334041856;-43.63231391257062;CENTROIDE_IBGE;Centro Geográfico do Município (Fallback)
4437098;-7.607105585474046;-40.484690194832126;CENTROIDE_IBGE;Centro Geográfico do Município (Fallback)
4454731;-27.582618752645136;-48.510832961439625;CENTROIDE_IBGE;Centro Geográfico do Município (Fallback)
4466985;-5.8828663986700835;-42.955382131477556;CENTROIDE_IBGE;Centro Geográfico do Município (Fallback)
4495691;-22.025102405645075;-42.276602325083786;CENTROIDE_IBGE;Centro Geográfico do Município (Fallback)
4517199;-22.504492334041856;-43.63231391257062;CENTROIDE_IBGE;Centro Geográfico do Município (Fallback)
4532406;-23.402819116700204;-47.629840020955776;CENTROIDE_IBGE;Centro Geográfico do Município (Fallback)
4538544;-20.056756207343092;-44.11949878888738;CENTROIDE_IBGE;Centro Geográfico do Município (Fallback)
4554035;-22.482092931821423;-42.14070206765431;CENTROIDE_IBGE;Centro Geográfico do Município (Fallback)
4560787;-6.824331294594993;-38.63037194773038;CENTROIDE_IBGE;Centro Geográfico do Município (Fallback)
4565037;-22.232948667796386;-47.028842471669975;CENTROIDE_IBGE;Centro Geográfico do Município (Fallback)
4565762;-17.47939760837093;-49.96492777392419;CENTROIDE_IBGE;Centro Geográfico do Município (Fallback)
4569873;-16.703677830273612;-49.106248867368954;CENTROIDE_IBGE;Centro Geográfico do Município (Fallback)
4579941;-25.66786925557722;-50.28912622641979;CENTROIDE_IBGE;Centro Geográfico do Município (Fallback)
4585313;-2.9365342939476244;-44.35755643619803;CENTROIDE_IBGE;Centro Geográfico do Município (Fallback)
4587685;-13.810730361700688;-41.99196944870623;CENTROIDE_IBGE;Centro Geográfico do Município (Fallback)
4615271;-7.18424168235664;-35.257141155216225;CENTROIDE_IBGE;Centro Geográfico do Município (Fallback)
4648382;-19.88521025334058;-44.08402126157842;CENTROIDE_IBGE;Centro Geográfico do Município (Fallback)
4665627;-7.972125498265591;-72.75467575274634;CENTROIDE_IBGE;Centro Geográfico do Município (Fallback)
4666119;-20.41201987826045;-42.91585031982038;CENTROIDE_IBGE;Centro Geográfico do Município (Fallback)
4683285;-8.15143361709527;-35.00538505042916;CENTROIDE_IBGE;Centro Geográfico do Município (Fallback)
4690265;-5.8828663986700835;-42.955382131477556;CENTROIDE_IBGE;Centro Geográfico do Município (Fallback)
4690362;-6.663180944102444;-42.26601732080814;CENTROIDE_IBGE;Centro Geográfico do Município (Fallback)
4699696;-28.152165268859804;-49.31367395859275;CENTROIDE_IBGE;Centro Geográfico do Município (Fallback)
4719719;-9.715184276996983;-35.90908241823723;CENTROIDE_IBGE;Centro Geográfico do Município (Fallback)
4747453;-9.715184276996983;-35.90908241823723;CENTROIDE_IBGE;Centro Geográfico do Município (Fallback)
4762797;-2.6312570577510543;-44.28077473182609;CENTROIDE_IBGE;Centro Geográfico do Município (Fallback)
4767098;-16.05518183949214;-42.99400627290476;CENTROIDE_IBGE;Centro Geográfico do Município (Fallback)
4781007;-13.810730361700688;-41.99196944870623;CENTROIDE_IBGE;Centro Geográfico do Município (Fallback)
4784634;-9.222785998679166;-39.65133983804991;CENTROIDE_IBGE;Centro Geográfico do Município (Fallback)
4797485;-7.331651328399464;-48.58855278337542;CENTROIDE_IBGE;Centro Geográfico do Município (Fallback)
4804384;-26.757448032225824;-48.73233893331414;CENTROIDE_IBGE;Centro Geográfico do Município (Fallback)
4815548;-5.666740782112005;-48.1045582164338;CENTROIDE_IBGE;Centro Geográfico do Município (Fallback)
4824814;-2.6312570577510543;-44.28077473182609;CENTROIDE_IBGE;Centro Geográfico do Município (Fallback)
4841387;-13.055259056652622;-39.42233164044482;CENTROIDE_IBGE;Centro Geográfico do Município (Fallback)
4852761;-8.239926188067207;-71.44497642884238;CENTROIDE_IBGE;Centro Geográfico do Município (Fallback)
4858751;-23.528825751137113;-46.79119347615232;CENTROIDE_IBGE;Centro Geográfico do Município (Fallback)
4866630;-9.382637727031538;-37.071380866022665;CENTROIDE_IBGE;Centro Geográfico do Município (Fallback)
4882059;-20.328076996015497;-41.632976632208305;CENTROIDE_IBGE;Centro Geográfico do Município (Fallback)
4895606;-3.0918354346036616;-44.07809201341296;CENTROIDE_IBGE;Centro Geográfico do Município (Fallback)
4913930;-19.245609466659808;-42.94112088148139;CENTROIDE_IBGE;Centro Geográfico do Município (Fallback)
4914554;-22.914787973332047;-43.048239501201415;CENTROIDE_IBGE;Centro Geográfico do Município (Fallback)
4929888;-8.239926188067207;-71.44497642884238;CENTROIDE_IBGE;Centro Geográfico do Município (Fallback)
4936833;-4.597148773278257;-49.18069069672092;CENTROIDE_IBGE;Centro Geográfico do Município (Fallback)
4956400;-24.595247463346066;-50.95568518827494;CENTROIDE_IBGE;Centro Geográfico do Município (Fallback)
4974522;-12.59287063472536;-61.878991061698585;CENTROIDE_IBGE;Centro Geográfico do Município (Fallback)
4989384;-10.17670169314074;-37.52505367367485;CENTROIDE_IBGE;Centro Geográfico do Município (Fallback)
4989708;-21.915547354183367;-52.17728071335932;CENTROIDE_IBGE;Centro Geográfico do Município (Fallback)
4996038;-4.233361478801542;-40.915845630795395;CENTROIDE_IBGE;Centro Geográfico do Município (Fallback)
5000912;-7.895114643966999;-35.98168576062115;CENTROIDE_IBGE;Centro Geográfico do Município (Fallback)
5033500;-4.130174029670673;-41.01167323980856;CENTROIDE_IBGE;Centro Geográfico do Município (Fallback)
5034981;-24.20702866025705;-51.77091776782658;CENTROIDE_IBGE;Centro Geográfico do Município (Fallback)
5041007;-8.376819769233668;-65.8123655918361;CENTROIDE_IBGE;Centro Geográfico do Município (Fallback)
5041910;-20.71848118471623;-40.68448581738187;CENTROIDE_IBGE;Centro Geográfico do Município (Fallback)
5056403;-12.723264678314539;-39.21500666331212;CENTROIDE_IBGE;Centro Geográfico do Município (Fallback)
5056462;-12.723264678314539;-39.21500666331212;CENTROIDE_IBGE;Centro Geográfico do Município (Fallback)
5057639;-26.973447163317587;-48.75554018935755;CENTROIDE_IBGE;Centro Geográfico do Município (Fallback)
5064295;-3.869977415534994;-46.00086387462537;CENTROIDE_IBGE;Centro Geográfico do Município (Fallback)
5066514;-18.783015930463385;-41.96412243322764;CENTROIDE_IBGE;Centro Geográfico do Município (Fallback)
5069440;-22.63401413239509;-43.29875570106716;CENTROIDE_IBGE;Centro Geográfico do Município (Fallback)
5078547;-3.3894258442456846;-44.277016921733775;CENTROIDE_IBGE;Centro Geográfico do Município (Fallback)
5083451;-22.18440717083835;-44.65920425770727;CENTROIDE_IBGE;Centro Geográfico do Município (Fallback)
5084024;-13.633087274871423;-43.05013782174972;CENTROIDE_IBGE;Centro Geográfico do Município (Fallback)
5085322;-3.0918354346036616;-44.07809201341296;CENTROIDE_IBGE;Centro Geográfico do Município (Fallback)
5096170;-23.86755417272625;-46.4053995527724;CENTROIDE_IBGE;Centro Geográfico do Município (Fallback)
5110084;-13.960981508132106;-39.866577274126314;CENTROIDE_IBGE;Centro Geográfico do Município (Fallback)
5112281;-10.994010480350832;-37.09193939676061;CENTROIDE_IBGE;Centro Geográfico do Município (Fallback)
5140625;-21.915547354183367;-52.17728071335932;CENTROIDE_IBGE;Centro Geográfico do Município (Fallback)
5168430;-10.747781963227968;-69.20560179446092;CENTROIDE_IBGE;Centro Geográfico do Município (Fallback)
5251478;-32.2180386026697;-52.403291489087536;CENTROIDE_IBGE;Centro Geográfico do Município (Fallback)
5267390;-17.994629762163445;-41.96743713987811;CENTROIDE_IBGE;Centro Geográfico do Município (Fallback)
5281504;-4.432396225006536;-42.33296738045948;CENTROIDE_IBGE;Centro Geográfico do Município (Fallback)
5292557;-14.053819035924974;-39.724238839250376;CENTROIDE_IBGE;Centro Geográfico do Município (Fallback)
5293154;-21.915547354183367;-52.17728071335932;CENTROIDE_IBGE;Centro Geográfico do Município (Fallback)
5297397;-11.583563490718992;-38.79252612960324;CENTROIDE_IBGE;Centro Geográfico do Município (Fallback)
5298806;-11.753424736133129;-41.698677799273;CENTROIDE_IBGE;Centro Geográfico do Município (Fallback)
5298938;-11.753424736133129;-41.698677799273;CENTROIDE_IBGE;Centro Geográfico do Município (Fallback)
5307740;-20.835320949905423;-51.32858929821182;CENTROIDE_IBGE;Centro Geográfico do Município (Fallback)
5318025;-17.69370393834072;-42.491613427176205;CENTROIDE_IBGE;Centro Geográfico do Município (Fallback)
5324556;-29.889737144698433;-50.94753616901838;CENTROIDE_IBGE;Centro Geográfico do Município (Fallback)
5328713;-12.865937487498588;-38.327220347577494;CENTROIDE_IBGE;Centro Geográfico do Município (Fallback)
5331471;-6.30249713319721;-40.628847757794226;CENTROIDE_IBGE;Centro Geográfico do Município (Fallback)
5341167;-24.281085065186883;-47.013814031042195;CENTROIDE_IBGE;Centro Geográfico do Município (Fallback)
5345529;-25.01219108462478;-51.4795375279716;CENTROIDE_IBGE;Centro Geográfico do Município (Fallback)
5346886;-15.519722022917438;-53.34416042028801;CENTROIDE_IBGE;Centro Geográfico do Município (Fallback)
5360544;-21.147918677973912;-45.077040883228875;CENTROIDE_IBGE;Centro Geográfico do Município (Fallback)
5365694;-21.34099999571594;-42.674651473867264;CENTROIDE_IBGE;Centro Geográfico do Município (Fallback)
5390028;-5.8828663986700835;-42.955382131477556;CENTROIDE_IBGE;Centro Geográfico do Município (Fallback)
5393078;-11.05845322361913;-37.31698306590605;CENTROIDE_IBGE;Centro Geográfico do Município (Fallback)
5393116;-10.775490397456004;-40.71637559996545;CENTROIDE_IBGE;Centro Geográfico do Município (Fallback)
5397472;-27.61778721871436;-52.8340533229051;CENTROIDE_IBGE;Centro Geográfico do Município (Fallback)
5407052;-13.871418903486498;-39.20797203513493;CENTROIDE_IBGE;Centro Geográfico do Município (Fallback)
5416825;-10.72303657777657;-40.13823976594075;CENTROIDE_IBGE;Centro Geográfico do Município (Fallback)
5422256;-10.245708131353044;-36.802651212529774;CENTROIDE_IBGE;Centro Geográfico do Município (Fallback)
5426030;-5.185046229447032;-45.67567960428076;CENTROIDE_IBGE;Centro Geográfico do Município (Fallback)
5428467;-20.740105892953085;-42.8861473688515;CENTROIDE_IBGE;Centro Geográfico do Município (Fallback)
5438527;-11.306782948890236;-39.99519457584911;CENTROIDE_IBGE;Centro Geográfico do Município (Fallback)
5466695;-19.74203901235189;-43.83433236681041;CENTROIDE_IBGE;Centro Geográfico do Município (Fallback)
5478391;-13.660798374418691;-39.17477686366448;CENTROIDE_IBGE;Centro Geográfico do Município (Fallback)
5496225;-22.125573716978003;-43.10927919395728;CENTROIDE_IBGE;Centro Geográfico do Município (Fallback)
5504856;3.0726806641015827;-62.74117645817275;CENTROIDE_IBGE;Centro Geográfico do Município (Fallback)
5513391;-7.868337769546455;-36.13163318719232;CENTROIDE_IBGE;Centro Geográfico do Município (Fallback)
5541352;-6.740285384185573;-35.42516893562085;CENTROIDE_IBGE;Centro Geográfico do Município (Fallback)
5544483;-21.915547354183367;-52.17728071335932;CENTROIDE_IBGE;Centro Geográfico do Município (Fallback)
5544815;-3.251558358432507;-45.29818079783006;CENTROIDE_IBGE;Centro Geográfico do Município (Fallback)
5547105;-25.470306135398687;-53.59148144864762;CENTROIDE_IBGE;Centro Geográfico do Município (Fallback)
5548349;-27.43609218630292;-48.69468070433932;CENTROIDE_IBGE;Centro Geográfico do Município (Fallback)
5551900;-13.555831703663888;-42.536873353057516;CENTROIDE_IBGE;Centro Geográfico do Município (Fallback)
5556694;-22.025102405645075;-42.276602325083786;CENTROIDE_IBGE;Centro Geográfico do Município (Fallback)
5557291;-1.3575631969043083;-49.30784404212501;CENTROIDE_IBGE;Centro Geográfico do Município (Fallback)
5557429;-1.3575631969043083;-49.30784404212501;CENTROIDE_IBGE;Centro Geográfico do Município (Fallback)
5565863;-13.553217312367874;-39.495846092068724;CENTROIDE_IBGE;Centro Geográfico do Município (Fallback)
5569028;-21.792144196598308;-48.18107454762239;CENTROIDE_IBGE;Centro Geográfico do Município (Fallback)
5581125;-7.339991898225738;-49.89448917745472;CENTROIDE_IBGE;Centro Geográfico do Município (Fallback)
5588618;-22.914787973332047;-43.048239501201415;CENTROIDE_IBGE;Centro Geográfico do Município (Fallback)
5595193;-19.440445877268804;-43.71772277782944;CENTROIDE_IBGE;Centro Geográfico do Município (Fallback)
5598699;-26.095785209007175;-49.68215202937275;CENTROIDE_IBGE;Centro Geográfico do Município (Fallback)
5601711;-19.636967568999545;-46.97362625216447;CENTROIDE_IBGE;Centro Geográfico do Município (Fallback)
5609283;-22.504492334041856;-43.63231391257062;CENTROIDE_IBGE;Centro Geográfico do Município (Fallback)
5617197;-3.6218592250765544;-39.5168119705587;CENTROIDE_IBGE;Centro Geográfico do Município (Fallback)
5623375;-19.74203901235189;-43.83433236681041;CENTROIDE_IBGE;Centro Geográfico do Município (Fallback)
5623634;-15.341125212507656;-49.53136743029095;CENTROIDE_IBGE;Centro Geográfico do Município (Fallback)
5638933;-23.622134533300315;-46.80356666666666;CENTROIDE_IBGE;Centro Geográfico do Município (Fallback)
5642116;-2.2778226862470565;-49.90222042936054;CENTROIDE_IBGE;Centro Geográfico do Município (Fallback)
5656788;-15.846582097753842;-50.24189715677423;CENTROIDE_IBGE;Centro Geográfico do Município (Fallback)
5662516;-15.436013506764532;-50.370598668667554;CENTROIDE_IBGE;Centro Geográfico do Município (Fallback)
5666848;-27.379246933554647;-48.57871594357497;CENTROIDE_IBGE;Centro Geográfico do Município (Fallback)
5686482;-14.633036583448032;-40.06629505463232;CENTROIDE_IBGE;Centro Geográfico do Município (Fallback)
5701112;-14.053819035924974;-39.724238839250376;CENTROIDE_IBGE;Centro Geográfico do Município (Fallback)
5716071;-19.459546116709262;-42.68998093933194;CENTROIDE_IBGE;Centro Geográfico do Município (Fallback)
5716519;-8.239926188067207;-71.44497642884238;CENTROIDE_IBGE;Centro Geográfico do Município (Fallback)
5719062;-11.107091411426087;-38.52422790147438;CENTROIDE_IBGE;Centro Geográfico do Município (Fallback)
5731658;-7.81813338019844;-35.30573206843985;CENTROIDE_IBGE;Centro Geográfico do Município (Fallback)
5733367;-21.915547354183367;-52.17728071335932;CENTROIDE_IBGE;Centro Geográfico do Município (Fallback)
5738202;-7.048833534902392;-34.854933333333335;CENTROIDE_IBGE;Centro Geográfico do Município (Fallback)
5745004;-25.775420432208662;-52.79581066541916;CENTROIDE_IBGE;Centro Geográfico do Município (Fallback)
5751640;-3.0918354346036616;-44.07809201341296;CENTROIDE_IBGE;Centro Geográfico do Município (Fallback)
5756669;-21.915547354183367;-52.17728071335932;CENTROIDE_IBGE;Centro Geográfico do Município (Fallback)
5771358;-11.753424736133129;-41.698677799273;CENTROIDE_IBGE;Centro Geográfico do Município (Fallback)
5786649;-11.05845322361913;-37.31698306590605;CENTROIDE_IBGE;Centro Geográfico do Município (Fallback)
5788374;-9.222785998679166;-39.65133983804991;CENTROIDE_IBGE;Centro Geográfico do Município (Fallback)
5791944;-4.501967157763551;-69.45022977483399;CENTROIDE_IBGE;Centro Geográfico do Município (Fallback)
5792916;-5.638547409080169;-44.33658377858489;CENTROIDE_IBGE;Centro Geográfico do Município (Fallback)
5794919;-19.74203901235189;-43.83433236681041;CENTROIDE_IBGE;Centro Geográfico do Município (Fallback)
5800048;-5.76093197280297;-36.38962332956057;CENTROIDE_IBGE;Centro Geográfico do Município (Fallback)
5802075;-6.2425258856130545;-35.1001666297656;CENTROIDE_IBGE;Centro Geográfico do Município (Fallback)
5815207;-6.344782581621066;-41.167196265126314;CENTROIDE_IBGE;Centro Geográfico do Município (Fallback)
5832810;-9.222785998679166;-39.65133983804991;CENTROIDE_IBGE;Centro Geográfico do Município (Fallback)
5835429;-6.827134935357509;-60.47746223184019;CENTROIDE_IBGE;Centro Geográfico do Município (Fallback)
5837243;-27.379246933554647;-48.57871594357497;CENTROIDE_IBGE;Centro Geográfico do Município (Fallback)
5841976;-10.48641603785673;-40.11494755051539;CENTROIDE_IBGE;Centro Geográfico do Município (Fallback)
5850118;-21.612147394203678;-45.596436464509985;CENTROIDE_IBGE;Centro Geográfico do Município (Fallback)
5857007;-15.935488028297184;-39.17642171182299;CENTROIDE_IBGE;Centro Geográfico do Município (Fallback)
5857082;-22.914787973332047;-43.048239501201415;CENTROIDE_IBGE;Centro Geográfico do Município (Fallback)
5878306;-23.438489202429338;-51.42759072084288;CENTROIDE_IBGE;Centro Geográfico do Município (Fallback)
5880319;-24.907806463702716;-53.886876678538;CENTROIDE_IBGE;Centro Geográfico do Município (Fallback)
5891183;-16.810023205462198;-49.26108402477992;CENTROIDE_IBGE;Centro Geográfico do Município (Fallback)
5907136;-13.32284421937403;-39.58403546226085;CENTROIDE_IBGE;Centro Geográfico do Município (Fallback)
5915767;-2.3803080131443086;-44.54005711330366;CENTROIDE_IBGE;Centro Geográfico do Município (Fallback)
5944775;-9.121066362139926;-36.01492533322358;CENTROIDE_IBGE;Centro Geográfico do Município (Fallback)
5951593;-17.70359656000635;-42.28027585282069;CENTROIDE_IBGE;Centro Geográfico do Município (Fallback)
5959527;-22.405624287103926;-44.970094092213394;CENTROIDE_IBGE;Centro Geográfico do Município (Fallback)
5959713;-10.609389478995192;-62.171683169112995;CENTROIDE_IBGE;Centro Geográfico do Município (Fallback)
5963397;-0.9977760718352157;-52.06031212321604;CENTROIDE_IBGE;Centro Geográfico do Município (Fallback)
5963893;-2.250747435389442;-49.51153180879713;CENTROIDE_IBGE;Centro Geográfico do Município (Fallback)
5964792;-32.2180386026697;-52.403291489087536;CENTROIDE_IBGE;Centro Geográfico do Município (Fallback)
5973201;-14.053819035924974;-39.724238839250376;CENTROIDE_IBGE;Centro Geográfico do Município (Fallback)
5983193;-19.74203901235189;-43.83433236681041;CENTROIDE_IBGE;Centro Geográfico do Município (Fallback)
5988462;-6.1227323145400625;-39.49524911482328;CENTROIDE_IBGE;Centro Geográfico do Município (Fallback)
5991609;-13.553217312367874;-39.495846092068724;CENTROIDE_IBGE;Centro Geográfico do Município (Fallback)
5994403;-21.38800279860158;-45.967152033262586;CENTROIDE_IBGE;Centro Geográfico do Município (Fallback)
5999448;-16.085426798224574;-48.28260878598636;CENTROIDE_IBGE;Centro Geográfico do Município (Fallback)
6003281;-11.135325583795574;-40.567596342399824;CENTROIDE_IBGE;Centro Geográfico do Município (Fallback)
6007929;-16.810023205462198;-49.26108402477992;CENTROIDE_IBGE;Centro Geográfico do Município (Fallback)
6009344;-28.59936824945029;-49.33286346930176;CENTROIDE_IBGE;Centro Geográfico do Município (Fallback)
6015794;-14.053819035924974;-39.724238839250376;CENTROIDE_IBGE;Centro Geográfico do Município (Fallback)
6018629;-1.245003225669695;-48.45976172836822;CENTROIDE_IBGE;Centro Geográfico do Município (Fallback)
6022782;-16.810023205462198;-49.26108402477992;CENTROIDE_IBGE;Centro Geográfico do Município (Fallback)
6088511;-13.145069293899793;-50.24895099623854;CENTROIDE_IBGE;Centro Geográfico do Município (Fallback)
6150977;-21.880899162460736;-47.65339173449066;CENTROIDE_IBGE;Centro Geográfico do Município (Fallback)
6152260;-3.0048684762177875;-44.764111124923424;CENTROIDE_IBGE;Centro Geográfico do Município (Fallback)
6157041;-3.260192733872479;-45.91283631640159;CENTROIDE_IBGE;Centro Geográfico do Município (Fallback)
6157602;-1.245003225669695;-48.45976172836822;CENTROIDE_IBGE;Centro Geográfico do Município (Fallback)
6162355;-22.90648942737767;-55.449536305105894;CENTROIDE_IBGE;Centro Geográfico do Município (Fallback)
6169236;-1.245003225669695;-48.45976172836822;CENTROIDE_IBGE;Centro Geográfico do Município (Fallback)
6181821;-17.47939760837093;-49.96492777392419;CENTROIDE_IBGE;Centro Geográfico do Município (Fallback)
6183360;-18.783015930463385;-41.96412243322764;CENTROIDE_IBGE;Centro Geográfico do Município (Fallback)
6188397;-2.9550419477587755;-44.201923482980355;CENTROIDE_IBGE;Centro Geográfico do Município (Fallback)
6188656;-23.359463445394873;-47.86785450745908;CENTROIDE_IBGE;Centro Geográfico do Município (Fallback)
6197914;-1.245003225669695;-48.45976172836822;CENTROIDE_IBGE;Centro Geográfico do Município (Fallback)
6203388;-20.632878676261225;-42.85930643853438;CENTROIDE_IBGE;Centro Geográfico do Município (Fallback)
6204090;-21.58228553806139;-56.35365226595561;CENTROIDE_IBGE;Centro Geográfico do Município (Fallback)
6216617;-17.82701893520636;-53.295130479380255;CENTROIDE_IBGE;Centro Geográfico do Município (Fallback)
6217273;-18.058384443538106;-39.86727899418724;CENTROIDE_IBGE;Centro Geográfico do Município (Fallback)
6224067;-9.543772416895763;-37.01225430695931;CENTROIDE_IBGE;Centro Geográfico do Município (Fallback)
6235751;-22.779257080532542;-44.07734117099433;CENTROIDE_IBGE;Centro Geográfico do Município (Fallback)
6247253;-27.900590521249327;-53.75938147622336;CENTROIDE_IBGE;Centro Geográfico do Município (Fallback)
6253431;-10.146120515853193;-37.00222598232927;CENTROIDE_IBGE;Centro Geográfico do Município (Fallback)
6255809;-1.9937247351513014;-47.51350122504139;CENTROIDE_IBGE;Centro Geográfico do Município (Fallback)
6256783;-25.99151696833412;-52.5640689684477;CENTROIDE_IBGE;Centro Geográfico do Município (Fallback)
6260055;-6.9112436024261585;-39.54930429651133;CENTROIDE_IBGE;Centro Geográfico do Município (Fallback)
6275524;-29.56110887250903;-50.79286111767603;CENTROIDE_IBGE;Centro Geográfico do Município (Fallback)
6301355;-19.25840118950445;-42.44906456905421;CENTROIDE_IBGE;Centro Geográfico do Município (Fallback)
6303021;-8.939732670393816;-35.75967046902292;CENTROIDE_IBGE;Centro Geográfico do Município (Fallback)
6312659;-26.811212059229963;-48.6631996076334;CENTROIDE_IBGE;Centro Geográfico do Município (Fallback)
6314597;-15.846582097753842;-50.24189715677423;CENTROIDE_IBGE;Centro Geográfico do Município (Fallback)
6321828;-6.442283754686756;-38.165286186704854;CENTROIDE_IBGE;Centro Geográfico do Município (Fallback)
6343449;-27.68540991825747;-52.90854452413605;CENTROIDE_IBGE;Centro Geográfico do Município (Fallback)
6345425;-8.939732670393816;-35.75967046902292;CENTROIDE_IBGE;Centro Geográfico do Município (Fallback)
6354769;-7.690000556800867;-37.08534400536939;CENTROIDE_IBGE;Centro Geográfico do Município (Fallback)
6360904;-22.504492334041856;-43.63231391257062;CENTROIDE_IBGE;Centro Geográfico do Município (Fallback)
6362702;-11.066577074154013;-41.69957363476575;CENTROIDE_IBGE;Centro Geográfico do Município (Fallback)
6363210;-23.27323229304754;-46.71986262914798;CENTROIDE_IBGE;Centro Geográfico do Município (Fallback)
6372198;-21.915547354183367;-52.17728071335932;CENTROIDE_IBGE;Centro Geográfico do Município (Fallback)
6372732;-27.379246933554647;-48.57871594357497;CENTROIDE_IBGE;Centro Geográfico do Município (Fallback)
6375561;-11.066577074154013;-41.69957363476575;CENTROIDE_IBGE;Centro Geográfico do Município (Fallback)
6386024;-20.39916873793105;-43.10160551767588;CENTROIDE_IBGE;Centro Geográfico do Município (Fallback)
6386814;-6.551463908363068;-35.426563978597045;CENTROIDE_IBGE;Centro Geográfico do Município (Fallback)
6391303;-6.442283754686756;-38.165286186704854;CENTROIDE_IBGE;Centro Geográfico do Município (Fallback)
6395953;-5.884763624309599;-39.26657977314868;CENTROIDE_IBGE;Centro Geográfico do Município (Fallback)
6401376;-5.857971815946759;-35.93806416093378;CENTROIDE_IBGE;Centro Geográfico do Município (Fallback)
6406076;-17.991482283415394;-43.608904281664174;CENTROIDE_IBGE;Centro Geográfico do Município (Fallback)
6408745;-18.597740727311706;-46.507478037918254;CENTROIDE_IBGE;Centro Geográfico do Município (Fallback)
6414354;-14.984696374366273;-44.596009856259684;CENTROIDE_IBGE;Centro Geográfico do Município (Fallback)
6422721;-13.947896993531215;-42.479097244865414;CENTROIDE_IBGE;Centro Geográfico do Município (Fallback)
6423515;-8.939732670393816;-35.75967046902292;CENTROIDE_IBGE;Centro Geográfico do Município (Fallback)
6426565;-7.429120296494559;-34.84243250703125;CENTROIDE_IBGE;Centro Geográfico do Município (Fallback)
6430295;-13.960981508132106;-39.866577274126314;CENTROIDE_IBGE;Centro Geográfico do Município (Fallback)
6461247;-6.1227323145400625;-39.49524911482328;CENTROIDE_IBGE;Centro Geográfico do Município (Fallback)
6467989;-9.91293714915969;-37.42237265105784;CENTROIDE_IBGE;Centro Geográfico do Município (Fallback)
6468357;-7.18424168235664;-35.257141155216225;CENTROIDE_IBGE;Centro Geográfico do Município (Fallback)
6475264;-22.474754331238458;-47.52235633742477;CENTROIDE_IBGE;Centro Geográfico do Município (Fallback)
6479510;-7.54807058430988;-49.57691191370743;CENTROIDE_IBGE;Centro Geográfico do Município (Fallback)
6493025;-28.78097079295654;-49.49195043274335;CENTROIDE_IBGE;Centro Geográfico do Município (Fallback)
6493718;-25.60719150604855;-49.440665278133004;CENTROIDE_IBGE;Centro Geográfico do Município (Fallback)
6494781;-18.783015930463385;-41.96412243322764;CENTROIDE_IBGE;Centro Geográfico do Município (Fallback)
6495494;-18.783015930463385;-41.96412243322764;CENTROIDE_IBGE;Centro Geográfico do Município (Fallback)
6499759;-12.874555675965572;-38.51434705818696;CENTROIDE_IBGE;Centro Geográfico do Município (Fallback)
6502431;-12.64685323708918;-38.88540419588125;CENTROIDE_IBGE;Centro Geográfico do Município (Fallback)
6511163;-21.291416689800645;-46.68111374099346;CENTROIDE_IBGE;Centro Geográfico do Município (Fallback)
6512194;-20.422709552888556;-42.79099474384703;CENTROIDE_IBGE;Centro Geográfico do Município (Fallback)
6513409;-5.228846614896672;-47.12559443834199;CENTROIDE_IBGE;Centro Geográfico do Município (Fallback)
6513484;-7.584141188282585;-37.64727808292218;CENTROIDE_IBGE;Centro Geográfico do Município (Fallback)
6514073;-19.25840118950445;-42.44906456905421;CENTROIDE_IBGE;Centro Geográfico do Município (Fallback)
6515002;-18.98280326337063;-42.01976565479086;CENTROIDE_IBGE;Centro Geográfico do Município (Fallback)
6525768;-20.946080723394456;-49.5845683561674;CENTROIDE_IBGE;Centro Geográfico do Município (Fallback)
6543650;-27.428631487641535;-49.052246617507386;CENTROIDE_IBGE;Centro Geográfico do Município (Fallback)
6553389;-6.442283754686756;-38.165286186704854;CENTROIDE_IBGE;Centro Geográfico do Município (Fallback)
6559859;-13.810730361700688;-41.99196944870623;CENTROIDE_IBGE;Centro Geográfico do Município (Fallback)
6565948;-3.626250809738614;-43.22576088930938;CENTROIDE_IBGE;Centro Geográfico do Município (Fallback)
6567754;-11.952523195461607;-42.10754463900668;CENTROIDE_IBGE;Centro Geográfico do Município (Fallback)
6571662;-12.114255670091012;-38.402717039290366;CENTROIDE_IBGE;Centro Geográfico do Município (Fallback)
6586449;-15.149637614029075;-39.73109269145003;CENTROIDE_IBGE;Centro Geográfico do Município (Fallback)
6588867;-17.130508586558783;-39.35216184037885;CENTROIDE_IBGE;Centro Geográfico do Município (Fallback)
6592872;-18.61007095370863;-41.925591482856284;CENTROIDE_IBGE;Centro Geográfico do Município (Fallback)
6599559;-10.994010480350832;-37.09193939676061;CENTROIDE_IBGE;Centro Geográfico do Município (Fallback)
6600891;-1.1212043186467695;-50.62765417079909;CENTROIDE_IBGE;Centro Geográfico do Município (Fallback)
6601243;-1.1212043186467695;-50.62765417079909;CENTROIDE_IBGE;Centro Geográfico do Município (Fallback)
6608485;-22.07910383632638;-45.664947487866634;CENTROIDE_IBGE;Centro Geográfico do Município (Fallback)
6614779;-32.2180386026697;-52.403291489087536;CENTROIDE_IBGE;Centro Geográfico do Município (Fallback)
6616240;-9.140557257806288;-36.90027325141262;CENTROIDE_IBGE;Centro Geográfico do Município (Fallback)
6630200;1.7466925314741728;-50.592695011337035;CENTROIDE_IBGE;Centro Geográfico do Município (Fallback)
6637914;-2.6515710072330863;-43.861330523231416;CENTROIDE_IBGE;Centro Geográfico do Município (Fallback)
6642128;-31.6893203915369;-54.138437518936584;CENTROIDE_IBGE;Centro Geográfico do Município (Fallback)
6642659;-3.785587119084595;-38.52765634620116;CENTROIDE_IBGE;Centro Geográfico do Município (Fallback)
6653065;-19.459546116709262;-42.68998093933194;CENTROIDE_IBGE;Centro Geográfico do Município (Fallback)
6653782;-6.463881077080877;-46.90041126609222;CENTROIDE_IBGE;Centro Geográfico do Município (Fallback)
6668860;-19.459546116709262;-42.68998093933194;CENTROIDE_IBGE;Centro Geográfico do Município (Fallback)
6676464;-6.207637846812726;-38.310907190585006;CENTROIDE_IBGE;Centro Geográfico do Município (Fallback)
6703380;-22.914787973332047;-43.048239501201415;CENTROIDE_IBGE;Centro Geográfico do Município (Fallback)
6707696;-26.726039810219806;-52.7195541808909;CENTROIDE_IBGE;Centro Geográfico do Município (Fallback)
6734383;-3.9008035439613393;-43.00223417467235;CENTROIDE_IBGE;Centro Geográfico do Município (Fallback)
6735088;-29.920941961161642;-51.09389412592872;CENTROIDE_IBGE;Centro Geográfico do Município (Fallback)
6759351;-21.36278507999311;-50.78771599153871;CENTROIDE_IBGE;Centro Geográfico do Município (Fallback)
6763332;-22.914787973332047;-43.048239501201415;CENTROIDE_IBGE;Centro Geográfico do Município (Fallback)
6764533;-7.972125498265591;-72.75467575274634;CENTROIDE_IBGE;Centro Geográfico do Município (Fallback)
6774210;-22.504492334041856;-43.63231391257062;CENTROIDE_IBGE;Centro Geográfico do Município (Fallback)
6785492;-8.939732670393816;-35.75967046902292;CENTROIDE_IBGE;Centro Geográfico do Município (Fallback)
6795404;-25.900510429509996;-49.11202913684322;CENTROIDE_IBGE;Centro Geográfico do Município (Fallback)
6798616;0.03781354609162809;-61.01145226248541;CENTROIDE_IBGE;Centro Geográfico do Município (Fallback)
6811833;-10.219921867165873;-48.154051247442894;CENTROIDE_IBGE;Centro Geográfico do Município (Fallback)
6816223;-0.03358872256082791;-49.83941171184061;CENTROIDE_IBGE;Centro Geográfico do Município (Fallback)
6816231;-0.03358872256082791;-49.83941171184061;CENTROIDE_IBGE;Centro Geográfico do Município (Fallback)
6816894;-0.03358872256082791;-49.83941171184061;CENTROIDE_IBGE;Centro Geográfico do Município (Fallback)
6816908;-0.03358872256082791;-49.83941171184061;CENTROIDE_IBGE;Centro Geográfico do Município (Fallback)
6816916;-0.03358872256082791;-49.83941171184061;CENTROIDE_IBGE;Centro Geográfico do Município (Fallback)
6816940;-0.03358872256082791;-49.83941171184061;CENTROIDE_IBGE;Centro Geográfico do Município (Fallback)
6818315;-0.03358872256082791;-49.83941171184061;CENTROIDE_IBGE;Centro Geográfico do Município (Fallback)
6825575;-7.607105585474046;-40.484690194832126;CENTROIDE_IBGE;Centro Geográfico do Município (Fallback)
6828647;-6.5930608197200895;-43.18804523300109;CENTROIDE_IBGE;Centro Geográfico do Município (Fallback)
6838782;-28.59936824945029;-49.33286346930176;CENTROIDE_IBGE;Centro Geográfico do Município (Fallback)
6840132;-18.783015930463385;-41.96412243322764;CENTROIDE_IBGE;Centro Geográfico do Município (Fallback)
6850219;-23.302014870504852;-48.035976711217565;CENTROIDE_IBGE;Centro Geográfico do Município (Fallback)
6854850;-22.504492334041856;-43.63231391257062;CENTROIDE_IBGE;Centro Geográfico do Município (Fallback)
6856586;3.0726806641015827;-62.74117645817275;CENTROIDE_IBGE;Centro Geográfico do Município (Fallback)
6858082;-7.688333084689771;-37.26465438353917;CENTROIDE_IBGE;Centro Geográfico do Município (Fallback)
6872948;-6.44200653987211;-35.61301896585645;CENTROIDE_IBGE;Centro Geográfico do Município (Fallback)
6873375;-3.2556374773492487;-44.59863479390764;CENTROIDE_IBGE;Centro Geográfico do Município (Fallback)
6876404;-6.452636846303287;-38.28475436360104;CENTROIDE_IBGE;Centro Geográfico do Município (Fallback)
6878032;-6.510874337895852;-38.39473906356939;CENTROIDE_IBGE;Centro Geográfico do Município (Fallback)
6880118;-6.408099458465554;-38.32166282273534;CENTROIDE_IBGE;Centro Geográfico do Município (Fallback)
6887074;-8.630341019016075;-39.91540800226902;CENTROIDE_IBGE;Centro Geográfico do Município (Fallback)
6888666;-6.5930608197200895;-43.18804523300109;CENTROIDE_IBGE;Centro Geográfico do Município (Fallback)
6888747;-15.206742340547617;-42.96892067518499;CENTROIDE_IBGE;Centro Geográfico do Município (Fallback)
6889735;-11.06255052208664;-37.480622720668634;CENTROIDE_IBGE;Centro Geográfico do Município (Fallback)
6893228;-3.192625357438735;-54.9931558121755;CENTROIDE_IBGE;Centro Geográfico do Município (Fallback)
6906184;-21.33324349172646;-42.79885915498011;CENTROIDE_IBGE;Centro Geográfico do Município (Fallback)
6909078;-18.991494253371524;-49.54593294106029;CENTROIDE_IBGE;Centro Geográfico do Município (Fallback)
6915450;-9.594119536677274;-42.245862677322044;CENTROIDE_IBGE;Centro Geográfico do Município (Fallback)
6927734;-25.488156918902185;-50.82454380249894;CENTROIDE_IBGE;Centro Geográfico do Município (Fallback)
6929702;-21.99257350004503;-51.34225905983471;CENTROIDE_IBGE;Centro Geográfico do Município (Fallback)
6933076;-5.8828663986700835;-42.955382131477556;CENTROIDE_IBGE;Centro Geográfico do Município (Fallback)
6934064;-5.840782584074209;-46.0146088510965;CENTROIDE_IBGE;Centro Geográfico do Município (Fallback)
6934072;-5.840782584074209;-46.0146088510965;CENTROIDE_IBGE;Centro Geográfico do Município (Fallback)
6934080;-5.840782584074209;-46.0146088510965;CENTROIDE_IBGE;Centro Geográfico do Município (Fallback)
6934145;-5.840782584074209;-46.0146088510965;CENTROIDE_IBGE;Centro Geográfico do Município (Fallback)
6934404;3.0726806641015827;-62.74117645817275;CENTROIDE_IBGE;Centro Geográfico do Município (Fallback)
6939945;-10.48641603785673;-40.11494755051539;CENTROIDE_IBGE;Centro Geográfico do Município (Fallback)
6949304;-9.417729036754944;-48.68393684507416;CENTROIDE_IBGE;Centro Geográfico do Município (Fallback)
6952968;-5.8828663986700835;-42.955382131477556;CENTROIDE_IBGE;Centro Geográfico do Município (Fallback)
6965490;-10.48641603785673;-40.11494755051539;CENTROIDE_IBGE;Centro Geográfico do Município (Fallback)
6965539;-10.48641603785673;-40.11494755051539;CENTROIDE_IBGE;Centro Geográfico do Município (Fallback)
6965547;-10.48641603785673;-40.11494755051539;CENTROIDE_IBGE;Centro Geográfico do Município (Fallback)
6983421;-8.04028204347553;-34.93330832019055;CENTROIDE_IBGE;Centro Geográfico do Município (Fallback)
6985939;-19.90308827691619;-47.26774865148438;CENTROIDE_IBGE;Centro Geográfico do Município (Fallback)
7009593;-3.101383012878928;-43.46105976129997;CENTROIDE_IBGE;Centro Geográfico do Município (Fallback)
7012020;-13.074907246790248;-39.85324761347264;CENTROIDE_IBGE;Centro Geográfico do Município (Fallback)
7012217;-12.865937487498588;-38.327220347577494;CENTROIDE_IBGE;Centro Geográfico do Município (Fallback)
7020031;-19.88521025334058;-44.08402126157842;CENTROIDE_IBGE;Centro Geográfico do Município (Fallback)
7030908;-12.473246654194128;-62.27508611524697;CENTROIDE_IBGE;Centro Geográfico do Município (Fallback)
7034431;-7.597444531631287;-34.943375652667534;CENTROIDE_IBGE;Centro Geográfico do Município (Fallback)
7042752;-9.121066362139926;-36.01492533322358;CENTROIDE_IBGE;Centro Geográfico do Município (Fallback)
7058578;-15.276884266360598;-49.6372582685618;CENTROIDE_IBGE;Centro Geográfico do Município (Fallback)
7062362;-15.885941122468035;-40.31059765504259;CENTROIDE_IBGE;Centro Geográfico do Município (Fallback)
7066783;-8.346813108974962;-36.27007756970611;CENTROIDE_IBGE;Centro Geográfico do Município (Fallback)
7067283;-3.419413959407999;-45.92612522962186;CENTROIDE_IBGE;Centro Geográfico do Município (Fallback)
7067291;-7.84708417189526;-38.06575928870058;CENTROIDE_IBGE;Centro Geográfico do Município (Fallback)
7077203;-15.824776873366162;-42.05643829601896;CENTROIDE_IBGE;Centro Geográfico do Município (Fallback)
7079486;-23.856111922937863;-49.783603997522924;CENTROIDE_IBGE;Centro Geográfico do Município (Fallback)
7080956;-5.880101229167863;-41.068418188402596;CENTROIDE_IBGE;Centro Geográfico do Município (Fallback)
7082096;-27.570014711557217;-53.63424181959079;CENTROIDE_IBGE;Centro Geográfico do Município (Fallback)
7089392;-22.914787973332047;-43.048239501201415;CENTROIDE_IBGE;Centro Geográfico do Município (Fallback)
7090005;-27.00648568427172;-48.620318285837804;CENTROIDE_IBGE;Centro Geográfico do Município (Fallback)
7100736;-15.276884266360598;-49.6372582685618;CENTROIDE_IBGE;Centro Geográfico do Município (Fallback)
7105509;-25.78519272921296;-51.63328831749032;CENTROIDE_IBGE;Centro Geográfico do Município (Fallback)
7114753;-26.24670307680009;-53.52936959522469;CENTROIDE_IBGE;Centro Geográfico do Município (Fallback)
7126379;-5.475777951469542;-36.33125588686892;CENTROIDE_IBGE;Centro Geográfico do Município (Fallback)
7131488;-20.71848118471623;-40.68448581738187;CENTROIDE_IBGE;Centro Geográfico do Município (Fallback)
7134142;-23.56180347571094;-46.37230498117325;CENTROIDE_IBGE;Centro Geográfico do Município (Fallback)
7140312;-9.323337189822634;-42.92129415124079;CENTROIDE_IBGE;Centro Geográfico do Município (Fallback)
7147201;-21.722951964046743;-48.030786879273506;CENTROIDE_IBGE;Centro Geográfico do Município (Fallback)
7149263;-21.112860837226428;-50.575254598411725;CENTROIDE_IBGE;Centro Geográfico do Município (Fallback)
7149743;0.3748873985841008;-67.99765157121772;CENTROIDE_IBGE;Centro Geográfico do Município (Fallback)
7154585;-11.306782948890236;-39.99519457584911;CENTROIDE_IBGE;Centro Geográfico do Município (Fallback)
7155301;-20.71848118471623;-40.68448581738187;CENTROIDE_IBGE;Centro Geográfico do Município (Fallback)
7158106;-22.914787973332047;-43.048239501201415;CENTROIDE_IBGE;Centro Geográfico do Município (Fallback)
7159382;-29.462512531631777;-51.10729155432922;CENTROIDE_IBGE;Centro Geográfico do Município (Fallback)
7169035;-13.810730361700688;-41.99196944870623;CENTROIDE_IBGE;Centro Geográfico do Município (Fallback)
7169744;-16.810023205462198;-49.26108402477992;CENTROIDE_IBGE;Centro Geográfico do Município (Fallback)
7181787;-17.274654331578496;-40.663728726585504;CENTROIDE_IBGE;Centro Geográfico do Município (Fallback)
7183364;-11.732355834103293;-40.179223557003766;CENTROIDE_IBGE;Centro Geográfico do Município (Fallback)
7184476;-14.17519409554462;-43.217990751276325;CENTROIDE_IBGE;Centro Geográfico do Município (Fallback)
7190921;-4.948108415185753;-37.20873405748733;CENTROIDE_IBGE;Centro Geográfico do Município (Fallback)
7191170;-12.860104906012225;-42.36012460090876;CENTROIDE_IBGE;Centro Geográfico do Município (Fallback)
7191189;-12.860104906012225;-42.36012460090876;CENTROIDE_IBGE;Centro Geográfico do Município (Fallback)
7191197;-12.860104906012225;-42.36012460090876;CENTROIDE_IBGE;Centro Geográfico do Município (Fallback)
7191243;-1.1158203287789281;-49.07763753426029;CENTROIDE_IBGE;Centro Geográfico do Município (Fallback)
7193998;-6.244720427679029;-38.94572194102152;CENTROIDE_IBGE;Centro Geográfico do Município (Fallback)
7194544;-20.79887166327964;-43.34767926217352;CENTROIDE_IBGE;Centro Geográfico do Município (Fallback)
7196687;-1.093545651325039;-48.182962116147564;CENTROIDE_IBGE;Centro Geográfico do Município (Fallback)
7196741;-13.660798374418691;-39.17477686366448;CENTROIDE_IBGE;Centro Geográfico do Município (Fallback)
7196776;-13.660798374418691;-39.17477686366448;CENTROIDE_IBGE;Centro Geográfico do Município (Fallback)
7198922;-10.219921867165873;-48.154051247442894;CENTROIDE_IBGE;Centro Geográfico do Município (Fallback)
7200374;-17.130508586558783;-39.35216184037885;CENTROIDE_IBGE;Centro Geográfico do Município (Fallback)
7206151;-13.660798374418691;-39.17477686366448;CENTROIDE_IBGE;Centro Geográfico do Município (Fallback)
7208863;-1.0741032085171993;-54.35372679013066;CENTROIDE_IBGE;Centro Geográfico do Município (Fallback)
7209576;-8.45182266423497;-48.75266528309811;CENTROIDE_IBGE;Centro Geográfico do Município (Fallback)
7211104;-5.857971815946759;-35.93806416093378;CENTROIDE_IBGE;Centro Geográfico do Município (Fallback)
7226985;-4.773367378237168;-39.19082389451734;CENTROIDE_IBGE;Centro Geográfico do Município (Fallback)
7228783;-12.935350849986738;-39.5246270238346;CENTROIDE_IBGE;Centro Geográfico do Município (Fallback)
7231296;-9.603992880873177;-48.1422875661785;CENTROIDE_IBGE;Centro Geográfico do Município (Fallback)
7231369;-9.603992880873177;-48.1422875661785;CENTROIDE_IBGE;Centro Geográfico do Município (Fallback)
7234155;-15.755813405491205;-48.28447170585956;CENTROIDE_IBGE;Centro Geográfico do Município (Fallback)
7236271;-26.383748541995192;-51.00740625984476;CENTROIDE_IBGE;Centro Geográfico do Município (Fallback)
7241194;-10.249156758726098;-67.33919790163078;CENTROIDE_IBGE;Centro Geográfico do Município (Fallback)
7241615;-20.41201987826045;-42.91585031982038;CENTROIDE_IBGE;Centro Geográfico do Município (Fallback)
7243510;-22.18440717083835;-44.65920425770727;CENTROIDE_IBGE;Centro Geográfico do Município (Fallback)
7247877;-18.61007095370863;-41.925591482856284;CENTROIDE_IBGE;Centro Geográfico do Município (Fallback)
7252196;-9.16256493576107;-36.46681504486761;CENTROIDE_IBGE;Centro Geográfico do Município (Fallback)
7254989;-28.7006345524373;-51.930709182766265;CENTROIDE_IBGE;Centro Geográfico do Município (Fallback)
7258666;-22.504492334041856;-43.63231391257062;CENTROIDE_IBGE;Centro Geográfico do Município (Fallback)
7261322;-8.8779438979373;-36.37817346573646;CENTROIDE_IBGE;Centro Geográfico do Município (Fallback)
7264259;-22.125573716978003;-43.10927919395728;CENTROIDE_IBGE;Centro Geográfico do Município (Fallback)
7267304;-22.252482609107943;-51.294776952492754;CENTROIDE_IBGE;Centro Geográfico do Município (Fallback)
7267770;-13.044326825020404;-40.03494224766564;CENTROIDE_IBGE;Centro Geográfico do Município (Fallback)
7268734;-0.9977760718352157;-52.06031212321604;CENTROIDE_IBGE;Centro Geográfico do Município (Fallback)
7275501;-12.68148934425366;-49.04890998045357;CENTROIDE_IBGE;Centro Geográfico do Município (Fallback)
7279094;-16.376105963147157;-46.819826982361874;CENTROIDE_IBGE;Centro Geográfico do Município (Fallback)
7280319;-5.000954265687178;-37.04237984519131;CENTROIDE_IBGE;Centro Geográfico do Município (Fallback)
7292155;-11.107091411426087;-38.52422790147438;CENTROIDE_IBGE;Centro Geográfico do Município (Fallback)
7292511;-4.215600609538175;-38.66170042086384;CENTROIDE_IBGE;Centro Geográfico do Município (Fallback)
7296495;-3.2921529185175586;-52.68601701854573;CENTROIDE_IBGE;Centro Geográfico do Município (Fallback)
7301308;-11.405551992989432;-41.52185885299974;CENTROIDE_IBGE;Centro Geográfico do Município (Fallback)
7309333;-5.278707894780382;-46.582268622023044;CENTROIDE_IBGE;Centro Geográfico do Município (Fallback)
7312571;-4.8433793364251585;-38.14726017808203;CENTROIDE_IBGE;Centro Geográfico do Município (Fallback)
7313977;-22.252482609107943;-51.294776952492754;CENTROIDE_IBGE;Centro Geográfico do Município (Fallback)
7317301;-4.320317992796465;-38.61991980403345;CENTROIDE_IBGE;Centro Geográfico do Município (Fallback)
7318499;-13.553217312367874;-39.495846092068724;CENTROIDE_IBGE;Centro Geográfico do Município (Fallback)
7322372;-32.2180386026697;-52.403291489087536;CENTROIDE_IBGE;Centro Geográfico do Município (Fallback)
7325347;-15.824776873366162;-42.05643829601896;CENTROIDE_IBGE;Centro Geográfico do Município (Fallback)
7331266;-9.603992880873177;-48.1422875661785;CENTROIDE_IBGE;Centro Geográfico do Município (Fallback)
7336128;-11.47469556014712;-37.528488767981024;CENTROIDE_IBGE;Centro Geográfico do Município (Fallback)
7341911;-7.97512053771842;-45.345635136461475;CENTROIDE_IBGE;Centro Geográfico do Município (Fallback)
7343469;-15.680410491183368;-40.26779226344044;CENTROIDE_IBGE;Centro Geográfico do Município (Fallback)
7354622;-10.959568387990968;-40.10673083375415;CENTROIDE_IBGE;Centro Geográfico do Município (Fallback)
7359128;-27.379246933554647;-48.57871594357497;CENTROIDE_IBGE;Centro Geográfico do Município (Fallback)
7361920;-9.121066362139926;-36.01492533322358;CENTROIDE_IBGE;Centro Geográfico do Município (Fallback)
7375433;-9.140557257806288;-36.90027325141262;CENTROIDE_IBGE;Centro Geográfico do Município (Fallback)
7378777;-7.124618597054474;-35.33699636374061;CENTROIDE_IBGE;Centro Geográfico do Município (Fallback)
7381557;-27.687202124980182;-52.98804377695979;CENTROIDE_IBGE;Centro Geográfico do Município (Fallback)
7387636;-7.597444531631287;-34.943375652667534;CENTROIDE_IBGE;Centro Geográfico do Município (Fallback)
7392680;-15.045106337433989;-49.93351913635028;CENTROIDE_IBGE;Centro Geográfico do Município (Fallback)
7393571;-7.686399392145743;-35.03367086550648;CENTROIDE_IBGE;Centro Geográfico do Município (Fallback)
7418868;-7.264807097200363;-41.87931404299382;CENTROIDE_IBGE;Centro Geográfico do Município (Fallback)
7421168;-15.426084578531237;-40.65194825249619;CENTROIDE_IBGE;Centro Geográfico do Município (Fallback)
7422997;-20.65023655323334;-41.00189604672966;CENTROIDE_IBGE;Centro Geográfico do Município (Fallback)
7425872;-8.180000360532674;-36.017839657128704;CENTROIDE_IBGE;Centro Geográfico do Município (Fallback)
7425902;-7.91654302777126;-35.594910804030455;CENTROIDE_IBGE;Centro Geográfico do Município (Fallback)
7427069;-14.053819035924974;-39.724238839250376;CENTROIDE_IBGE;Centro Geográfico do Município (Fallback)
7429193;-6.442283754686756;-38.165286186704854;CENTROIDE_IBGE;Centro Geográfico do Município (Fallback)
7430868;-5.647837325731043;-47.76778477282134;CENTROIDE_IBGE;Centro Geográfico do Município (Fallback)
7431155;-3.1691860800747977;-40.64936128272903;CENTROIDE_IBGE;Centro Geográfico do Município (Fallback)
7440960;-2.411635864777457;-45.94643281966299;CENTROIDE_IBGE;Centro Geográfico do Município (Fallback)
7441762;-11.753424736133129;-41.698677799273;CENTROIDE_IBGE;Centro Geográfico do Município (Fallback)
7441819;-11.753424736133129;-41.698677799273;CENTROIDE_IBGE;Centro Geográfico do Município (Fallback)
7441827;-11.753424736133129;-41.698677799273;CENTROIDE_IBGE;Centro Geográfico do Município (Fallback)
7444885;-22.067120759140675;-48.71809601820298;CENTROIDE_IBGE;Centro Geográfico do Município (Fallback)
7446497;-7.413256179530448;-35.46436214463305;CENTROIDE_IBGE;Centro Geográfico do Município (Fallback)
7449933;-9.077089227056867;-36.6315838330657;CENTROIDE_IBGE;Centro Geográfico do Município (Fallback)
7451083;-6.442283754686756;-38.165286186704854;CENTROIDE_IBGE;Centro Geográfico do Município (Fallback)
7453175;-7.429120296494559;-34.84243250703125;CENTROIDE_IBGE;Centro Geográfico do Município (Fallback)
7453221;-7.91654302777126;-35.594910804030455;CENTROIDE_IBGE;Centro Geográfico do Município (Fallback)
7468571;0.8839613006248708;-60.15315956958991;CENTROIDE_IBGE;Centro Geográfico do Município (Fallback)
7469152;0.6361253256707181;-59.84506105268247;CENTROIDE_IBGE;Centro Geográfico do Município (Fallback)
7476868;-7.048833534902392;-34.854933333333335;CENTROIDE_IBGE;Centro Geográfico do Município (Fallback)
7484461;-6.958190003391857;-37.80273832654054;CENTROIDE_IBGE;Centro Geográfico do Município (Fallback)
7488068;-13.871418903486498;-39.20797203513493;CENTROIDE_IBGE;Centro Geográfico do Município (Fallback)
7493711;-21.50126394369007;-43.316464881749226;CENTROIDE_IBGE;Centro Geográfico do Município (Fallback)
7495420;-6.559152922437616;-43.63820809785034;CENTROIDE_IBGE;Centro Geográfico do Município (Fallback)
7495706;-0.03358872256082791;-49.83941171184061;CENTROIDE_IBGE;Centro Geográfico do Município (Fallback)
7497105;-14.053819035924974;-39.724238839250376;CENTROIDE_IBGE;Centro Geográfico do Município (Fallback)
7512104;-2.6515710072330863;-43.861330523231416;CENTROIDE_IBGE;Centro Geográfico do Município (Fallback)
7512597;-27.175164197935118;-48.61706049427581;CENTROIDE_IBGE;Centro Geográfico do Município (Fallback)
7514964;-1.3294855927921474;-48.385133053326946;CENTROIDE_IBGE;Centro Geográfico do Município (Fallback)
7519869;-28.250656829926662;-54.295531124860574;CENTROIDE_IBGE;Centro Geográfico do Município (Fallback)
7526156;-22.504492334041856;-43.63231391257062;CENTROIDE_IBGE;Centro Geográfico do Município (Fallback)
7527349;-15.641070643508277;-43.935882673788065;CENTROIDE_IBGE;Centro Geográfico do Município (Fallback)
7530277;-22.837693979331153;-43.81011085722461;CENTROIDE_IBGE;Centro Geográfico do Município (Fallback)
7536313;-16.973947578831524;-40.57421755477878;CENTROIDE_IBGE;Centro Geográfico do Município (Fallback)
7536550;-14.053819035924974;-39.724238839250376;CENTROIDE_IBGE;Centro Geográfico do Município (Fallback)
7538227;-6.442283754686756;-38.165286186704854;CENTROIDE_IBGE;Centro Geográfico do Município (Fallback)
7541007;-11.666069590123266;-38.99438875682231;CENTROIDE_IBGE;Centro Geográfico do Município (Fallback)
7541228;-24.190854822027923;-54.23212511690603;CENTROIDE_IBGE;Centro Geográfico do Município (Fallback)
7550375;-26.53481251964755;-53.33426133486031;CENTROIDE_IBGE;Centro Geográfico do Município (Fallback)
7557485;-22.27219415591009;-48.08081247141988;CENTROIDE_IBGE;Centro Geográfico do Município (Fallback)
7560591;-7.972125498265591;-72.75467575274634;CENTROIDE_IBGE;Centro Geográfico do Município (Fallback)
7561156;-4.0269410029262485;-49.006100102508235;CENTROIDE_IBGE;Centro Geográfico do Município (Fallback)
7569866;-4.170487500100251;-51.774713486790205;CENTROIDE_IBGE;Centro Geográfico do Município (Fallback)
7573987;-3.3920026068274582;-45.05358526779824;CENTROIDE_IBGE;Centro Geográfico do Município (Fallback)
7574428;-6.641308425047829;-36.25706025929347;CENTROIDE_IBGE;Centro Geográfico do Município (Fallback)
7575068;-3.1324661063225205;-57.17204858610806;CENTROIDE_IBGE;Centro Geográfico do Município (Fallback)
7575084;-3.1324661063225205;-57.17204858610806;CENTROIDE_IBGE;Centro Geográfico do Município (Fallback)
7575106;-3.1324661063225205;-57.17204858610806;CENTROIDE_IBGE;Centro Geográfico do Município (Fallback)
7575211;-21.58228553806139;-56.35365226595561;CENTROIDE_IBGE;Centro Geográfico do Município (Fallback)
7575599;-13.839527936923563;-41.09390944638326;CENTROIDE_IBGE;Centro Geográfico do Município (Fallback)
7578261;-6.946749041599043;-38.69434460867885;CENTROIDE_IBGE;Centro Geográfico do Município (Fallback)
7580177;-28.279686630232625;-52.19981692900283;CENTROIDE_IBGE;Centro Geográfico do Município (Fallback)
7583265;-5.450276121741863;-35.35468613054776;CENTROIDE_IBGE;Centro Geográfico do Município (Fallback)
7590032;-8.458975311422044;-51.22041417040035;CENTROIDE_IBGE;Centro Geográfico do Município (Fallback)
7591691;-7.448846170372395;-57.30201003654588;CENTROIDE_IBGE;Centro Geográfico do Município (Fallback)
7592728;-21.018066955502768;-48.765394079366565;CENTROIDE_IBGE;Centro Geográfico do Município (Fallback)
7593635;-7.448846170372395;-57.30201003654588;CENTROIDE_IBGE;Centro Geográfico do Município (Fallback)
7594445;-13.810730361700688;-41.99196944870623;CENTROIDE_IBGE;Centro Geográfico do Município (Fallback)
7594488;-20.902892040767004;-43.105954999416326;CENTROIDE_IBGE;Centro Geográfico do Município (Fallback)
7597053;-6.749061556533213;-44.03938416313192;CENTROIDE_IBGE;Centro Geográfico do Município (Fallback)
7602634;-22.837693979331153;-43.81011085722461;CENTROIDE_IBGE;Centro Geográfico do Município (Fallback)
7605595;-25.987180987008944;-52.82230427545115;CENTROIDE_IBGE;Centro Geográfico do Município (Fallback)
7628692;-22.940282435666276;-46.55628224544716;CENTROIDE_IBGE;Centro Geográfico do Município (Fallback)
7629672;-21.915547354183367;-52.17728071335932;CENTROIDE_IBGE;Centro Geográfico do Município (Fallback)
7641478;-6.935753555023737;-41.50301513605843;CENTROIDE_IBGE;Centro Geográfico do Município (Fallback)
7646348;-18.597740727311706;-46.507478037918254;CENTROIDE_IBGE;Centro Geográfico do Município (Fallback)
7650337;-16.810023205462198;-49.26108402477992;CENTROIDE_IBGE;Centro Geográfico do Município (Fallback)
7651066;-6.49458819127583;-53.88773813880332;CENTROIDE_IBGE;Centro Geográfico do Município (Fallback)
7652623;-7.688333084689771;-37.26465438353917;CENTROIDE_IBGE;Centro Geográfico do Município (Fallback)
7661363;-19.70813289704322;-44.736554380026696;CENTROIDE_IBGE;Centro Geográfico do Município (Fallback)
7662416;-0.8330025701193328;-47.70948069330327;CENTROIDE_IBGE;Centro Geográfico do Município (Fallback)
7664133;-7.397201468774758;-38.718224386548535;CENTROIDE_IBGE;Centro Geográfico do Município (Fallback)
7664338;-6.663180944102444;-42.26601732080814;CENTROIDE_IBGE;Centro Geográfico do Município (Fallback)
7672896;-21.276084379345455;-47.43793785003792;CENTROIDE_IBGE;Centro Geográfico do Município (Fallback)
7680120;-15.755813405491205;-48.28447170585956;CENTROIDE_IBGE;Centro Geográfico do Município (Fallback)
7680465;-18.783015930463385;-41.96412243322764;CENTROIDE_IBGE;Centro Geográfico do Município (Fallback)
7688067;-8.570637362447052;-47.669143560520006;CENTROIDE_IBGE;Centro Geográfico do Município (Fallback)
7688075;-8.570637362447052;-47.669143560520006;CENTROIDE_IBGE;Centro Geográfico do Município (Fallback)
7689608;-28.398228117031124;-48.88582081680155;CENTROIDE_IBGE;Centro Geográfico do Município (Fallback)
7691238;-3.0918354346036616;-44.07809201341296;CENTROIDE_IBGE;Centro Geográfico do Município (Fallback)
7695470;-3.9004763126604516;-46.417765351683606;CENTROIDE_IBGE;Centro Geográfico do Município (Fallback)
7697937;-22.92433503771889;-43.454647640622795;CENTROIDE_IBGE;Centro Geográfico do Município (Fallback)
7705344;-21.04855122482883;-45.62464928468132;CENTROIDE_IBGE;Centro Geográfico do Município (Fallback)
7705808;-7.680663707231477;-35.741530480807654;CENTROIDE_IBGE;Centro Geográfico do Município (Fallback)
7706464;-2.427308052793631;-46.11718862896516;CENTROIDE_IBGE;Centro Geográfico do Município (Fallback)
7707223;-21.67906740765115;-42.36548029891629;CENTROIDE_IBGE;Centro Geográfico do Município (Fallback)
7708874;-27.212656109236217;-49.73783533280759;CENTROIDE_IBGE;Centro Geográfico do Município (Fallback)
7709803;-21.915547354183367;-52.17728071335932;CENTROIDE_IBGE;Centro Geográfico do Município (Fallback)
7713746;-27.428631487641535;-49.052246617507386;CENTROIDE_IBGE;Centro Geográfico do Município (Fallback)
7713762;-27.428631487641535;-49.052246617507386;CENTROIDE_IBGE;Centro Geográfico do Município (Fallback)
7713770;-27.428631487641535;-49.052246617507386;CENTROIDE_IBGE;Centro Geográfico do Município (Fallback)
7714831;-8.570637362447052;-47.669143560520006;CENTROIDE_IBGE;Centro Geográfico do Município (Fallback)
7718780;-12.997242371140105;-54.75952065054079;CENTROIDE_IBGE;Centro Geográfico do Município (Fallback)
7719221;-7.448846170372395;-57.30201003654588;CENTROIDE_IBGE;Centro Geográfico do Município (Fallback)
7721196;-5.1300338610825245;-56.00205669579251;CENTROIDE_IBGE;Centro Geográfico do Município (Fallback)
7725760;-10.056201863702713;-36.791148675816956;CENTROIDE_IBGE;Centro Geográfico do Município (Fallback)
7730233;-26.24670307680009;-53.52936959522469;CENTROIDE_IBGE;Centro Geográfico do Município (Fallback)
7737238;-7.868337769546455;-36.13163318719232;CENTROIDE_IBGE;Centro Geográfico do Município (Fallback)
7738005;-27.194952938007503;-51.40836850118705;CENTROIDE_IBGE;Centro Geográfico do Município (Fallback)
7760507;-8.265337829164936;-37.98782314076924;CENTROIDE_IBGE;Centro Geográfico do Município (Fallback)
7761902;-21.75799966579884;-42.556772135067135;CENTROIDE_IBGE;Centro Geográfico do Município (Fallback)
7769040;-26.70498197424474;-51.96115780122674;CENTROIDE_IBGE;Centro Geográfico do Município (Fallback)
7770367;-9.298276447548469;-37.31925010129036;CENTROIDE_IBGE;Centro Geográfico do Município (Fallback)
7773382;-21.573932778791708;-51.056602701220754;CENTROIDE_IBGE;Centro Geográfico do Município (Fallback)
7779690;-23.437492715454784;-48.45947668963123;CENTROIDE_IBGE;Centro Geográfico do Município (Fallback)
7780818;-8.239926188067207;-71.44497642884238;CENTROIDE_IBGE;Centro Geográfico do Município (Fallback)
7782748;-15.051417811487116;-58.0482166427494;CENTROIDE_IBGE;Centro Geográfico do Município (Fallback)
7785127;-1.99233473068733;-46.443411778482776;CENTROIDE_IBGE;Centro Geográfico do Município (Fallback)
7790937;-8.093490799882193;-47.480460221810695;CENTROIDE_IBGE;Centro Geográfico do Município (Fallback)
7796854;-24.626875543053224;-49.393013940098356;CENTROIDE_IBGE;Centro Geográfico do Município (Fallback)
7799160;-22.155726811838576;-54.15113483728313;CENTROIDE_IBGE;Centro Geográfico do Município (Fallback)
7800339;-6.464005997412533;-61.44705830857228;CENTROIDE_IBGE;Centro Geográfico do Município (Fallback)
7802323;-19.980730369247382;-43.78297064570681;CENTROIDE_IBGE;Centro Geográfico do Município (Fallback)
7803605;-3.2038508364034683;-47.6026124138677;CENTROIDE_IBGE;Centro Geográfico do Município (Fallback)
7805616;-12.159182319475764;-52.74313471955194;CENTROIDE_IBGE;Centro Geográfico do Município (Fallback)
7815824;-28.133723354560733;-54.740413039835914;CENTROIDE_IBGE;Centro Geográfico do Município (Fallback)
7817207;-11.173388940709;-49.077970378430514;CENTROIDE_IBGE;Centro Geográfico do Município (Fallback)
7830017;-25.129912088626856;-51.99498054988849;CENTROIDE_IBGE;Centro Geográfico do Município (Fallback)
7830556;-5.0879292752291;-37.86120723030632;CENTROIDE_IBGE;Centro Geográfico do Município (Fallback)
7836759;-3.9980044967448727;-51.30083815267405;CENTROIDE_IBGE;Centro Geográfico do Município (Fallback)
7847882;-24.98563398822757;-50.86077772025631;CENTROIDE_IBGE;Centro Geográfico do Município (Fallback)
7848412;-14.17519409554462;-43.217990751276325;CENTROIDE_IBGE;Centro Geográfico do Município (Fallback)
7854013;-2.6515710072330863;-43.861330523231416;CENTROIDE_IBGE;Centro Geográfico do Município (Fallback)
7855036;-3.419413959407999;-45.92612522962186;CENTROIDE_IBGE;Centro Geográfico do Município (Fallback)
7857357;-3.3920026068274582;-45.05358526779824;CENTROIDE_IBGE;Centro Geográfico do Município (Fallback)
7858450;1.099781309760872;-53.30905937960757;CENTROIDE_IBGE;Centro Geográfico do Município (Fallback)
7858469;1.099781309760872;-53.30905937960757;CENTROIDE_IBGE;Centro Geográfico do Município (Fallback)
7865481;-27.376310817400746;-54.11754038428719;CENTROIDE_IBGE;Centro Geográfico do Município (Fallback)
7866275;-3.159570902716948;-44.33053678864319;CENTROIDE_IBGE;Centro Geográfico do Município (Fallback)
7870450;-7.790628242904166;-35.075076629348246;CENTROIDE_IBGE;Centro Geográfico do Município (Fallback)
7870787;-21.660376339003232;-50.51651255276817;CENTROIDE_IBGE;Centro Geográfico do Município (Fallback)
7871872;-21.915547354183367;-52.17728071335932;CENTROIDE_IBGE;Centro Geográfico do Município (Fallback)
7873212;-2.9738521757459324;-43.7767867156018;CENTROIDE_IBGE;Centro Geográfico do Município (Fallback)
7877528;-22.58689613253154;-42.96464704313031;CENTROIDE_IBGE;Centro Geográfico do Município (Fallback)
7883579;-7.677548444092231;-36.902125209325064;CENTROIDE_IBGE;Centro Geográfico do Município (Fallback)
7894163;-1.1158203287789281;-49.07763753426029;CENTROIDE_IBGE;Centro Geográfico do Município (Fallback)
7903685;-11.135843775554664;-48.40402698346288;CENTROIDE_IBGE;Centro Geográfico do Município (Fallback)
7904517;-21.915547354183367;-52.17728071335932;CENTROIDE_IBGE;Centro Geográfico do Município (Fallback)
7906315;-11.30529404185014;-64.53778615101245;CENTROIDE_IBGE;Centro Geográfico do Município (Fallback)
7917996;-12.473246654194128;-62.27508611524697;CENTROIDE_IBGE;Centro Geográfico do Município (Fallback)
7918143;-12.473246654194128;-62.27508611524697;CENTROIDE_IBGE;Centro Geográfico do Município (Fallback)
7918194;-12.473246654194128;-62.27508611524697;CENTROIDE_IBGE;Centro Geográfico do Município (Fallback)
7920822;-22.504492334041856;-43.63231391257062;CENTROIDE_IBGE;Centro Geográfico do Município (Fallback)
7925581;-10.107312544122578;-36.861100727093685;CENTROIDE_IBGE;Centro Geográfico do Município (Fallback)
7925735;-10.107312544122578;-36.861100727093685;CENTROIDE_IBGE;Centro Geográfico do Município (Fallback)
7946767;-21.79805535313351;-47.08879250157939;CENTROIDE_IBGE;Centro Geográfico do Município (Fallback)
7954794;-10.23096947678066;-36.482604631131906;CENTROIDE_IBGE;Centro Geográfico do Município (Fallback)
7956533;-3.5596676501886777;-39.90958592206718;CENTROIDE_IBGE;Centro Geográfico do Município (Fallback)
7957459;-18.783015930463385;-41.96412243322764;CENTROIDE_IBGE;Centro Geográfico do Município (Fallback)
7958498;-9.62861037584793;-36.79201396291063;CENTROIDE_IBGE;Centro Geográfico do Município (Fallback)
7958919;-7.9273636550627264;-34.885206153349735;CENTROIDE_IBGE;Centro Geográfico do Município (Fallback)
7984553;-16.714022726994187;-42.340785993829044;CENTROIDE_IBGE;Centro Geográfico do Município (Fallback)
7985088;-28.934477915646593;-52.13555795303401;CENTROIDE_IBGE;Centro Geográfico do Município (Fallback)
7990006;-9.715184276996983;-35.90908241823723;CENTROIDE_IBGE;Centro Geográfico do Município (Fallback)
8013608;-2.877460208299299;-44.943715579991675;CENTROIDE_IBGE;Centro Geográfico do Município (Fallback)
8014078;-14.498610591632048;-48.40248231072996;CENTROIDE_IBGE;Centro Geográfico do Município (Fallback)
8015031;-11.93974855810997;-38.98179618573454;CENTROIDE_IBGE;Centro Geográfico do Município (Fallback)
8016275;-11.044007566553969;-38.00282230871965;CENTROIDE_IBGE;Centro Geográfico do Município (Fallback)
8023115;-22.914787973332047;-43.048239501201415;CENTROIDE_IBGE;Centro Geográfico do Município (Fallback)
8026823;-3.082755781013054;-61.876867631264865;CENTROIDE_IBGE;Centro Geográfico do Município (Fallback)
8027080;-21.768932873942628;-42.911318386378305;CENTROIDE_IBGE;Centro Geográfico do Município (Fallback)
8030278;-21.014236713214082;-42.6990556228186;CENTROIDE_IBGE;Centro Geográfico do Município (Fallback)
8041849;-17.70359656000635;-42.28027585282069;CENTROIDE_IBGE;Centro Geográfico do Município (Fallback)
8042675;-27.687202124980182;-52.98804377695979;CENTROIDE_IBGE;Centro Geográfico do Município (Fallback)
8049580;-5.376321905675392;-35.4004060132608;CENTROIDE_IBGE;Centro Geográfico do Município (Fallback)
8085366;-13.49916206537342;-48.349379110618294;CENTROIDE_IBGE;Centro Geográfico do Município (Fallback)
8085390;-22.914787973332047;-43.048239501201415;CENTROIDE_IBGE;Centro Geográfico do Município (Fallback)
8093423;-19.838802739132742;-40.42012848240499;CENTROIDE_IBGE;Centro Geográfico do Município (Fallback)
8096821;-21.915547354183367;-52.17728071335932;CENTROIDE_IBGE;Centro Geográfico do Município (Fallback)
8098018;-6.827134935357509;-60.47746223184019;CENTROIDE_IBGE;Centro Geográfico do Município (Fallback)
8103933;-22.129807481044775;-51.51454391484714;CENTROIDE_IBGE;Centro Geográfico do Município (Fallback)
8109702;-32.2180386026697;-52.403291489087536;CENTROIDE_IBGE;Centro Geográfico do Município (Fallback)
8109982;-32.2180386026697;-52.403291489087536;CENTROIDE_IBGE;Centro Geográfico do Município (Fallback)
8110107;-32.2180386026697;-52.403291489087536;CENTROIDE_IBGE;Centro Geográfico do Município (Fallback)
8113491;-21.915547354183367;-52.17728071335932;CENTROIDE_IBGE;Centro Geográfico do Município (Fallback)
8121486;-11.82805044077912;-37.676854223003126;CENTROIDE_IBGE;Centro Geográfico do Município (Fallback)
8126844;-11.82805044077912;-37.676854223003126;CENTROIDE_IBGE;Centro Geográfico do Município (Fallback)
9009671;-22.914787973332047;-43.048239501201415;CENTROIDE_IBGE;Centro Geográfico do Município (Fallback)
9010432;-19.459546116709262;-42.68998093933194;CENTROIDE_IBGE;Centro Geográfico do Município (Fallback)
9014519;-22.17779037472001;-49.98200257386916;CENTROIDE_IBGE;Centro Geográfico do Município (Fallback)
9016880;-4.980736264250321;-49.23081684066172;CENTROIDE_IBGE;Centro Geográfico do Município (Fallback)
9018212;-5.476055543111043;-47.78197986740215;CENTROIDE_IBGE;Centro Geográfico do Município (Fallback)
9021167;-20.428645763508012;-40.77079994515196;CENTROIDE_IBGE;Centro Geográfico do Município (Fallback)
9022422;-6.408099458465554;-38.32166282273534;CENTROIDE_IBGE;Centro Geográfico do Município (Fallback)
9029796;-7.331651328399464;-48.58855278337542;CENTROIDE_IBGE;Centro Geográfico do Município (Fallback)
9031251;-20.887257366259902;-49.885586032460346;CENTROIDE_IBGE;Centro Geográfico do Município (Fallback)
9038329;-29.54136809475612;-52.03369644251228;CENTROIDE_IBGE;Centro Geográfico do Município (Fallback)
9051023;-14.860059885954549;-40.17935035080589;CENTROIDE_IBGE;Centro Geográfico do Município (Fallback)
9052380;-15.276884266360598;-49.6372582685618;CENTROIDE_IBGE;Centro Geográfico do Município (Fallback)
9061703;-7.718554259822928;-37.85075000184019;CENTROIDE_IBGE;Centro Geográfico do Município (Fallback)
9065881;-9.345952923856313;-36.09354352754964;CENTROIDE_IBGE;Centro Geográfico do Município (Fallback)
9098887;-32.2180386026697;-52.403291489087536;CENTROIDE_IBGE;Centro Geográfico do Município (Fallback)
9102493;-20.743383790180385;-49.19213846919952;CENTROIDE_IBGE;Centro Geográfico do Município (Fallback)
9112618;-21.915547354183367;-52.17728071335932;CENTROIDE_IBGE;Centro Geográfico do Município (Fallback)
9114122;-19.459546116709262;-42.68998093933194;CENTROIDE_IBGE;Centro Geográfico do Município (Fallback)
9118160;-26.095785209007175;-49.68215202937275;CENTROIDE_IBGE;Centro Geográfico do Município (Fallback)
9118993;-10.590465270238514;-62.58274495326578;CENTROIDE_IBGE;Centro Geográfico do Município (Fallback)
9129243;-22.914787973332047;-43.048239501201415;CENTROIDE_IBGE;Centro Geográfico do Município (Fallback)
9132643;-19.053068088769216;-42.45202660567789;CENTROIDE_IBGE;Centro Geográfico do Município (Fallback)
9145974;-5.884763624309599;-39.26657977314868;CENTROIDE_IBGE;Centro Geográfico do Município (Fallback)
9157077;-12.673367975707531;-38.99782604921238;CENTROIDE_IBGE;Centro Geográfico do Município (Fallback)
9162976;-22.837693979331153;-43.81011085722461;CENTROIDE_IBGE;Centro Geográfico do Município (Fallback)
9165657;-7.413256179530448;-35.46436214463305;CENTROIDE_IBGE;Centro Geográfico do Município (Fallback)
9170219;2.7879013195560547;-60.100079997352445;CENTROIDE_IBGE;Centro Geográfico do Município (Fallback)
9171932;-23.622134533300315;-46.80356666666666;CENTROIDE_IBGE;Centro Geográfico do Município (Fallback)
9172467;-8.076281758429309;-36.281162847573874;CENTROIDE_IBGE;Centro Geográfico do Município (Fallback)
9177566;-8.939732670393816;-35.75967046902292;CENTROIDE_IBGE;Centro Geográfico do Município (Fallback)
9177590;-8.939732670393816;-35.75967046902292;CENTROIDE_IBGE;Centro Geográfico do Município (Fallback)
9183744;-9.462481692495679;-37.366537277821884;CENTROIDE_IBGE;Centro Geográfico do Município (Fallback)
9184775;-21.915547354183367;-52.17728071335932;CENTROIDE_IBGE;Centro Geográfico do Município (Fallback)
9186468;-6.366966654452525;-37.99194499101921;CENTROIDE_IBGE;Centro Geográfico do Município (Fallback)
9194738;-20.036778692830833;-49.00058044954756;CENTROIDE_IBGE;Centro Geográfico do Município (Fallback)
9198784;-6.608057478176513;-35.41073808585288;CENTROIDE_IBGE;Centro Geográfico do Município (Fallback)
9202463;-19.74203901235189;-43.83433236681041;CENTROIDE_IBGE;Centro Geográfico do Município (Fallback)
9211411;-10.693914803894188;-36.96721698527064;CENTROIDE_IBGE;Centro Geográfico do Município (Fallback)
9216111;-2.6515710072330863;-43.861330523231416;CENTROIDE_IBGE;Centro Geográfico do Município (Fallback)
9217606;-7.4571374695798935;-38.082107891730885;CENTROIDE_IBGE;Centro Geográfico do Município (Fallback)
9220275;-11.5010360368215;-41.77610410503111;CENTROIDE_IBGE;Centro Geográfico do Município (Fallback)
9228136;-14.268402339732772;-39.423050360713006;CENTROIDE_IBGE;Centro Geográfico do Município (Fallback)
9230939;-20.06729850137639;-49.94638470248713;CENTROIDE_IBGE;Centro Geográfico do Município (Fallback)
9231498;3.8794632253787564;-60.06396350446489;CENTROIDE_IBGE;Centro Geográfico do Município (Fallback)
9235329;-18.991494253371524;-49.54593294106029;CENTROIDE_IBGE;Centro Geográfico do Município (Fallback)
9236368;-5.8828663986700835;-42.955382131477556;CENTROIDE_IBGE;Centro Geográfico do Município (Fallback)
9238530;-22.202842446819293;-55.58258016412426;CENTROIDE_IBGE;Centro Geográfico do Município (Fallback)
9238832;4.165378089762132;-60.83861854331081;CENTROIDE_IBGE;Centro Geográfico do Município (Fallback)
9239693;-9.603992880873177;-48.1422875661785;CENTROIDE_IBGE;Centro Geográfico do Município (Fallback)
9240462;-6.052765282354816;-38.10652289858247;CENTROIDE_IBGE;Centro Geográfico do Município (Fallback)
9241159;-22.287156612665214;-44.75565348578882;CENTROIDE_IBGE;Centro Geográfico do Município (Fallback)
9241744;-23.548832201631583;-46.83982935655834;CENTROIDE_IBGE;Centro Geográfico do Município (Fallback)
9246347;-15.276884266360598;-49.6372582685618;CENTROIDE_IBGE;Centro Geográfico do Município (Fallback)
9247912;-22.914787973332047;-43.048239501201415;CENTROIDE_IBGE;Centro Geográfico do Município (Fallback)
9252150;-18.783015930463385;-41.96412243322764;CENTROIDE_IBGE;Centro Geográfico do Município (Fallback)
9256172;-22.914787973332047;-43.048239501201415;CENTROIDE_IBGE;Centro Geográfico do Município (Fallback)
9263241;-12.518476019734466;-38.49693057086381;CENTROIDE_IBGE;Centro Geográfico do Município (Fallback)
9267433;-6.408099458465554;-38.32166282273534;CENTROIDE_IBGE;Centro Geográfico do Município (Fallback)
9268030;-21.792144196598308;-48.18107454762239;CENTROIDE_IBGE;Centro Geográfico do Município (Fallback)
9275983;-10.477740901584717;-36.47374696172445;CENTROIDE_IBGE;Centro Geográfico do Município (Fallback)
9277552;-8.939732670393816;-35.75967046902292;CENTROIDE_IBGE;Centro Geográfico do Município (Fallback)
9288740;-3.2038508364034683;-47.6026124138677;CENTROIDE_IBGE;Centro Geográfico do Município (Fallback)
9289828;-21.031957711188806;-43.597494751261614;CENTROIDE_IBGE;Centro Geográfico do Município (Fallback)
9305904;-5.278707894780382;-46.582268622023044;CENTROIDE_IBGE;Centro Geográfico do Município (Fallback)
9310940;-9.395025550388599;-36.160202224783305;CENTROIDE_IBGE;Centro Geográfico do Município (Fallback)
9325158;-20.257778847296322;-45.547661557321625;CENTROIDE_IBGE;Centro Geográfico do Município (Fallback)
9334025;-14.268402339732772;-39.423050360713006;CENTROIDE_IBGE;Centro Geográfico do Município (Fallback)
9335382;4.165378089762132;-60.83861854331081;CENTROIDE_IBGE;Centro Geográfico do Município (Fallback)
9335404;4.165378089762132;-60.83861854331081;CENTROIDE_IBGE;Centro Geográfico do Município (Fallback)
9335854;-16.638950401465813;-50.31187076755642;CENTROIDE_IBGE;Centro Geográfico do Município (Fallback)
9339132;-22.067120759140675;-48.71809601820298;CENTROIDE_IBGE;Centro Geográfico do Município (Fallback)
9341048;-12.697588816168484;-47.81347695317336;CENTROIDE_IBGE;Centro Geográfico do Município (Fallback)
9355006;-30.92364390371593;-51.788446984556195;CENTROIDE_IBGE;Centro Geográfico do Município (Fallback)
9360182;-22.914787973332047;-43.048239501201415;CENTROIDE_IBGE;Centro Geográfico do Município (Fallback)
9363459;-21.67906740765115;-42.36548029891629;CENTROIDE_IBGE;Centro Geográfico do Município (Fallback)
9363998;-27.477650922272723;-51.949097840813955;CENTROIDE_IBGE;Centro Geográfico do Município (Fallback)
9368132;-10.687037146909834;-37.42280922305856;CENTROIDE_IBGE;Centro Geográfico do Município (Fallback)
9380442;-6.824331294594993;-38.63037194773038;CENTROIDE_IBGE;Centro Geográfico do Município (Fallback)
9388168;-21.112860837226428;-50.575254598411725;CENTROIDE_IBGE;Centro Geográfico do Município (Fallback)
9401725;-10.791522281789188;-38.54334546732087;CENTROIDE_IBGE;Centro Geográfico do Município (Fallback)
9412441;-9.715184276996983;-35.90908241823723;CENTROIDE_IBGE;Centro Geográfico do Município (Fallback)
9425438;-10.84998666919089;-36.968483122927715;CENTROIDE_IBGE;Centro Geográfico do Município (Fallback)
9425640;-8.376819769233668;-65.8123655918361;CENTROIDE_IBGE;Centro Geográfico do Município (Fallback)
9427104;-8.376819769233668;-65.8123655918361;CENTROIDE_IBGE;Centro Geográfico do Município (Fallback)
9427171;-8.376819769233668;-65.8123655918361;CENTROIDE_IBGE;Centro Geográfico do Município (Fallback)
9428801;-27.146353381169718;-51.14470240264287;CENTROIDE_IBGE;Centro Geográfico do Município (Fallback)
9440038;-9.26674749916726;-37.89845165817299;CENTROIDE_IBGE;Centro Geográfico do Município (Fallback)
9440313;-6.551463908363068;-35.426563978597045;CENTROIDE_IBGE;Centro Geográfico do Município (Fallback)
9461698;-6.5930608197200895;-43.18804523300109;CENTROIDE_IBGE;Centro Geográfico do Município (Fallback)
9470786;-8.804581981320872;-36.66013103903191;CENTROIDE_IBGE;Centro Geográfico do Município (Fallback)
9471723;-6.705261879592323;-35.4988093205698;CENTROIDE_IBGE;Centro Geográfico do Município (Fallback)
9471774;-6.705261879592323;-35.4988093205698;CENTROIDE_IBGE;Centro Geográfico do Município (Fallback)
9485333;-26.383748541995192;-51.00740625984476;CENTROIDE_IBGE;Centro Geográfico do Município (Fallback)
9495398;-14.73672018294687;-42.68399867560426;CENTROIDE_IBGE;Centro Geográfico do Município (Fallback)
9506160;-3.8564111782291284;-49.82081095088857;CENTROIDE_IBGE;Centro Geográfico do Município (Fallback)
9518878;-11.65156585993282;-48.88798859978084;CENTROIDE_IBGE;Centro Geográfico do Município (Fallback)
9520880;-18.783015930463385;-41.96412243322764;CENTROIDE_IBGE;Centro Geográfico do Município (Fallback)
9528660;-6.740285384185573;-35.42516893562085;CENTROIDE_IBGE;Centro Geográfico do Município (Fallback)
9542949;-5.175232310364964;-36.20672317312669;CENTROIDE_IBGE;Centro Geográfico do Município (Fallback)
9545662;-22.07910383632638;-45.664947487866634;CENTROIDE_IBGE;Centro Geográfico do Município (Fallback)
9549692;-2.1202384668021135;-53.66094138632162;CENTROIDE_IBGE;Centro Geográfico do Município (Fallback)
9560831;-21.425147299694384;-48.53518249825008;CENTROIDE_IBGE;Centro Geográfico do Município (Fallback)
9565523;-26.973447163317587;-48.75554018935755;CENTROIDE_IBGE;Centro Geográfico do Município (Fallback)
9579176;-8.939732670393816;-35.75967046902292;CENTROIDE_IBGE;Centro Geográfico do Município (Fallback)
9583785;-13.330856692982934;-52.39811717149688;CENTROIDE_IBGE;Centro Geográfico do Município (Fallback)
9588418;-29.3509163929868;-50.77596629041645;CENTROIDE_IBGE;Centro Geográfico do Município (Fallback)
9591095;-22.584155685184008;-46.077118195435;CENTROIDE_IBGE;Centro Geográfico do Município (Fallback)
9595260;-27.379246933554647;-48.57871594357497;CENTROIDE_IBGE;Centro Geográfico do Município (Fallback)
9596100;-22.914787973332047;-43.048239501201415;CENTROIDE_IBGE;Centro Geográfico do Município (Fallback)
9598200;-11.504664414664001;-39.41732798445947;CENTROIDE_IBGE;Centro Geográfico do Município (Fallback)
9612629;-6.442283754686756;-38.165286186704854;CENTROIDE_IBGE;Centro Geográfico do Município (Fallback)
9624945;-21.915547354183367;-52.17728071335932;CENTROIDE_IBGE;Centro Geográfico do Município (Fallback)
9636455;-11.732355834103293;-40.179223557003766;CENTROIDE_IBGE;Centro Geográfico do Município (Fallback)
9636900;-17.47939760837093;-49.96492777392419;CENTROIDE_IBGE;Centro Geográfico do Município (Fallback)
9640002;-11.351802243429859;-60.784945640826514;CENTROIDE_IBGE;Centro Geográfico do Município (Fallback)
9640045;-11.351802243429859;-60.784945640826514;CENTROIDE_IBGE;Centro Geográfico do Município (Fallback)
9640363;-26.095785209007175;-49.68215202937275;CENTROIDE_IBGE;Centro Geográfico do Município (Fallback)
9643281;-11.351802243429859;-60.784945640826514;CENTROIDE_IBGE;Centro Geográfico do Município (Fallback)
9648127;-23.92177090440813;-53.365597847659174;CENTROIDE_IBGE;Centro Geográfico do Município (Fallback)
9649573;-11.159873146518855;-61.56857395660512;CENTROIDE_IBGE;Centro Geográfico do Município (Fallback)
9650067;-22.504492334041856;-43.63231391257062;CENTROIDE_IBGE;Centro Geográfico do Município (Fallback)
9671242;-22.504492334041856;-43.63231391257062;CENTROIDE_IBGE;Centro Geográfico do Município (Fallback)
9678328;-11.03536194627172;-50.16060839095663;CENTROIDE_IBGE;Centro Geográfico do Município (Fallback)
9678387;-6.486254449717517;-39.88740741261172;CENTROIDE_IBGE;Centro Geográfico do Município (Fallback)
9686193;-11.107091411426087;-38.52422790147438;CENTROIDE_IBGE;Centro Geográfico do Município (Fallback)
9691626;-15.781609830540443;-47.796963417310145;CENTROIDE_IBGE;Centro Geográfico do Município (Fallback)
9692665;-13.27714498079978;-43.29327215906814;CENTROIDE_IBGE;Centro Geográfico do Município (Fallback)
9696709;-21.792144196598308;-48.18107454762239;CENTROIDE_IBGE;Centro Geográfico do Município (Fallback)
9705791;-1.6807756979582555;-44.822649931266;CENTROIDE_IBGE;Centro Geográfico do Município (Fallback)
9714553;-7.048833534902392;-34.854933333333335;CENTROIDE_IBGE;Centro Geográfico do Município (Fallback)
9718036;-8.15126812365264;-35.28709922363548;CENTROIDE_IBGE;Centro Geográfico do Município (Fallback)
9718370;-16.810023205462198;-49.26108402477992;CENTROIDE_IBGE;Centro Geográfico do Município (Fallback)
9718907;-3.190783580834782;-40.26389808799872;CENTROIDE_IBGE;Centro Geográfico do Município (Fallback)
9718915;-5.175621428306272;-37.32564012013007;CENTROIDE_IBGE;Centro Geográfico do Município (Fallback)
9730796;-5.8828663986700835;-42.955382131477556;CENTROIDE_IBGE;Centro Geográfico do Município (Fallback)
9734074;-20.460899861707052;-41.865636003514176;CENTROIDE_IBGE;Centro Geográfico do Município (Fallback)
9739432;-5.281388221991199;-44.45483639440621;CENTROIDE_IBGE;Centro Geográfico do Município (Fallback)
9747281;-1.1417252925943682;-47.117732788767796;CENTROIDE_IBGE;Centro Geográfico do Município (Fallback)
9748237;-17.532006160583553;-49.53792172137219;CENTROIDE_IBGE;Centro Geográfico do Município (Fallback)
9760091;-15.341125212507656;-49.53136743029095;CENTROIDE_IBGE;Centro Geográfico do Município (Fallback)
9767886;-22.025102405645075;-42.276602325083786;CENTROIDE_IBGE;Centro Geográfico do Município (Fallback)
9768572;-22.172014051159344;-51.12325480042261;CENTROIDE_IBGE;Centro Geográfico do Município (Fallback)
9775749;-27.738885744431677;-54.13005910859776;CENTROIDE_IBGE;Centro Geográfico do Município (Fallback)
9786465;-22.504492334041856;-43.63231391257062;CENTROIDE_IBGE;Centro Geográfico do Município (Fallback)
9794840;-6.255130405105591;-38.422772022053636;CENTROIDE_IBGE;Centro Geográfico do Município (Fallback)
9804854;-5.281388221991199;-44.45483639440621;CENTROIDE_IBGE;Centro Geográfico do Município (Fallback)
9806334;-14.053819035924974;-39.724238839250376;CENTROIDE_IBGE;Centro Geográfico do Município (Fallback)
9813187;-7.230383753844574;-72.84476085117;CENTROIDE_IBGE;Centro Geográfico do Município (Fallback)
9816240;-22.373163988840126;-47.58050017822258;CENTROIDE_IBGE;Centro Geográfico do Município (Fallback)
9822844;-16.810023205462198;-49.26108402477992;CENTROIDE_IBGE;Centro Geográfico do Município (Fallback)
9842942;-10.469131121592262;-37.23879686390802;CENTROIDE_IBGE;Centro Geográfico do Município (Fallback)
9862633;-21.58228553806139;-56.35365226595561;CENTROIDE_IBGE;Centro Geográfico do Município (Fallback)
9871128;-5.114487927965767;-49.86949580822159;CENTROIDE_IBGE;Centro Geográfico do Município (Fallback)
9881832;-7.9273636550627264;-34.885206153349735;CENTROIDE_IBGE;Centro Geográfico do Município (Fallback)
9903682;-17.714893082897;-41.38339632373906;CENTROIDE_IBGE;Centro Geográfico do Município (Fallback)
9928618;-19.24030392788276;-46.29828326456311;CENTROIDE_IBGE;Centro Geográfico do Município (Fallback)
9942289;-4.199062554746649;-38.902358130779014;CENTROIDE_IBGE;Centro Geográfico do Município (Fallback)
9943552;-18.783015930463385;-41.96412243322764;CENTROIDE_IBGE;Centro Geográfico do Município (Fallback)
9943838;-17.395193884961813;-44.86727554175141;CENTROIDE_IBGE;Centro Geográfico do Município (Fallback)
9955917;-7.296433764917348;-43.92842885175602;CENTROIDE_IBGE;Centro Geográfico do Município (Fallback)
9963421;-8.806400891089874;-37.83787025218682;CENTROIDE_IBGE;Centro Geográfico do Município (Fallback)
9966250;-6.152476353554787;-50.490788509951514;CENTROIDE_IBGE;Centro Geográfico do Município (Fallback)
9978720;-12.088177443885403;-42.447470240202186;CENTROIDE_IBGE;Centro Geográfico do Município (Fallback)
9983570;-11.957459537946754;-39.09552759246086;CENTROIDE_IBGE;Centro Geográfico do Município (Fallback)
9989803;-17.395193884961813;-44.86727554175141;CENTROIDE_IBGE;Centro Geográfico do Município (Fallback)
9994742;-23.402819116700204;-47.629840020955776;CENTROIDE_IBGE;Centro Geográfico do Município (Fallback)
